<?xml version="1.0" encoding="utf-8"?>
<COLLADA xmlns="http://www.collada.org/2005/11/COLLADASchema" version="1.4.1">
  <asset><contributor><author>Mixamo</author><authoring_tool>COLLADA Mixamo exporter</authoring_tool><comments></comments></contributor><created>2018-03-08T20:11:25Z</created><modified>2018-03-08T20:11:25Z</modified><revision></revision><title></title><unit meter="0.010000"/><up_axis>Y_UP</up_axis></asset>
  <library_animations>
    <animation id="Hips-anim" name="Hips"><source id="Hips-Matrix-animation-input"><float_array id="Hips-Matrix-animation-input-array" count="60">

0.000000 0.033333 0.066667 0.100000 0.133333 0.166667 0.200000 0.233333 0.266667 0.300000 0.333333 0.366667 0.400000 0.433333 0.466667 0.500000
0.533333 0.566667 0.600000 0.633333 0.666667 0.700000 0.733333 0.766667 0.800000 0.833333 0.866667 0.900000 0.933333 0.966667 1.000000 1.033333
1.066667 1.100000 1.133333 1.166667 1.200000 1.233333 1.266667 1.300000 1.333333 1.366667 1.400000 1.433333 1.466667 1.500000 1.533333 1.566667
1.600000 1.633333 1.666667 1.700000 1.733333 1.766667 1.800000 1.833333 1.866667 1.900000 1.933333 1.966667</float_array><technique_common><accessor source="#Hips-Matrix-animation-input-array" count="60"><param name="TIME" type="float"/></accessor></technique_common></source><source id="Hips-Matrix-animation-output-transform"><float_array id="Hips-Matrix-animation-output-transform-array" count="960">

0.728534 0.051368 -0.683081 -0.003130 0.002425 0.996985 0.077560 88.374016 0.685006 -0.058162 0.726212 -0.633841 0.000000 0.000000 0.000000 1.000000
0.728235 0.051606 -0.683382 0.008226 0.002438 0.996959 0.077884 88.384766 0.685323 -0.058384 0.725895 -0.644429 0.000000 0.000000 0.000000 1.000000
0.728023 0.051813 -0.683592 0.020718 0.002446 0.996937 0.078167 88.396019 0.685548 -0.058580 0.725667 -0.650859 0.000000 0.000000 0.000000 1.000000
0.728026 0.052163 -0.683563 0.033292 0.002283 0.996911 0.078506 88.408859 0.685546 -0.058715 0.725658 -0.649889 0.000000 0.000000 0.000000 1.000000
0.728309 0.052551 -0.683231 0.043466 0.002055 0.996883 0.078867 88.423630 0.685246 -0.058843 0.725930 -0.639238 0.000000 0.000000 0.000000 1.000000
0.728811 0.052969 -0.682663 0.049754 0.001863 0.996846 0.079336 88.439720 0.684713 -0.059093 0.726414 -0.618846 0.000000 0.000000 0.000000 1.000000
0.729380 0.053406 -0.682021 0.052406 0.001781 0.996797 0.079959 88.457581 0.684106 -0.059535 0.726948 -0.590367 0.000000 0.000000 0.000000 1.000000
0.729854 0.053859 -0.681478 0.052803 0.001764 0.996740 0.080665 88.479881 0.683601 -0.060076 0.727380 -0.555412 0.000000 0.000000 0.000000 1.000000
0.730136 0.054211 -0.681148 0.052039 0.001780 0.996694 0.081233 88.508949 0.683299 -0.060524 0.727625 -0.514526 0.000000 0.000000 0.000000 1.000000
0.730207 0.054442 -0.681054 0.051968 0.001773 0.996666 0.081572 88.543381 0.683224 -0.060772 0.727676 -0.467935 0.000000 0.000000 0.000000 1.000000
0.730093 0.054629 -0.681161 0.055517 0.001741 0.996647 0.081797 88.577301 0.683345 -0.060906 0.727550 -0.417517 0.000000 0.000000 0.000000 1.000000
0.729880 0.054899 -0.681367 0.065269 0.001712 0.996620 0.082134 88.603951 0.683573 -0.061115 0.727319 -0.366770 0.000000 0.000000 0.000000 1.000000
0.729755 0.055282 -0.681470 0.080179 0.001736 0.996573 0.082703 88.620659 0.683706 -0.061536 0.727158 -0.318628 0.000000 0.000000 0.000000 1.000000
0.729942 0.055723 -0.681234 0.095047 0.001813 0.996510 0.083455 88.631973 0.683507 -0.062152 0.727293 -0.273435 0.000000 0.000000 0.000000 1.000000
0.730478 0.056231 -0.680618 0.104457 0.001822 0.996441 0.084278 88.647308 0.682934 -0.062803 0.727775 -0.229705 0.000000 0.000000 0.000000 1.000000
0.731081 0.056725 -0.679928 0.107179 0.001708 0.996383 0.084964 88.673790 0.682288 -0.063277 0.728340 -0.186893 0.000000 0.000000 0.000000 1.000000
0.731357 0.057148 -0.679596 0.106660 0.001466 0.996349 0.085362 88.711304 0.681993 -0.063427 0.728603 -0.146134 0.000000 0.000000 0.000000 1.000000
0.731144 0.057450 -0.679799 0.106927 0.001174 0.996341 0.085464 88.752975 0.682222 -0.063284 0.728402 -0.108641 0.000000 0.000000 0.000000 1.000000
0.730652 0.057672 -0.680310 0.109236 0.000903 0.996344 0.085433 88.790680 0.682750 -0.063036 0.727928 -0.073787 0.000000 0.000000 0.000000 1.000000
0.730242 0.057881 -0.680732 0.112250 0.000695 0.996341 0.085463 88.819542 0.683188 -0.062882 0.727530 -0.039023 0.000000 0.000000 0.000000 1.000000
0.730133 0.058033 -0.680836 0.113787 0.000596 0.996333 0.085563 88.839813 0.683305 -0.062878 0.727421 -0.001565 0.000000 0.000000 0.000000 1.000000
0.730294 0.058181 -0.680650 0.112983 0.000548 0.996316 0.085751 88.855812 0.683132 -0.062996 0.727572 0.040118 0.000000 0.000000 0.000000 1.000000
0.730577 0.058309 -0.680336 0.110041 0.000528 0.996299 0.085956 88.871620 0.682830 -0.063156 0.727842 0.085194 0.000000 0.000000 0.000000 1.000000
0.730837 0.058350 -0.680054 0.105642 0.000566 0.996287 0.086092 88.888565 0.682552 -0.063304 0.728090 0.130644 0.000000 0.000000 0.000000 1.000000
0.730967 0.058332 -0.679915 0.100950 0.000625 0.996282 0.086145 88.904617 0.682412 -0.063394 0.728213 0.172384 0.000000 0.000000 0.000000 1.000000
0.730922 0.058249 -0.679970 0.096719 0.000687 0.996288 0.086084 88.917221 0.682460 -0.063388 0.728169 0.206127 0.000000 0.000000 0.000000 1.000000
0.730712 0.058159 -0.680204 0.092939 0.000693 0.996301 0.085931 88.925789 0.682686 -0.063262 0.727969 0.229162 0.000000 0.000000 0.000000 1.000000
0.730453 0.058022 -0.680494 0.088583 0.000664 0.996324 0.085664 88.931808 0.682962 -0.063025 0.727729 0.241390 0.000000 0.000000 0.000000 1.000000
0.730252 0.057877 -0.680722 0.083297 0.000590 0.996351 0.085345 88.935722 0.683178 -0.062725 0.727553 0.244579 0.000000 0.000000 0.000000 1.000000
0.730120 0.057783 -0.680871 0.078019 0.000472 0.996375 0.085064 88.934326 0.683318 -0.062428 0.727447 0.239969 0.000000 0.000000 0.000000 1.000000
0.730036 0.057675 -0.680970 0.074037 0.000412 0.996395 0.084832 88.922096 0.683408 -0.062211 0.727381 0.227292 0.000000 0.000000 0.000000 1.000000
0.730031 0.057597 -0.680982 0.072059 0.000416 0.996405 0.084721 88.897064 0.683414 -0.062133 0.727383 0.206543 0.000000 0.000000 0.000000 1.000000
0.730185 0.057587 -0.680818 0.071033 0.000437 0.996402 0.084750 88.864334 0.683249 -0.062181 0.727533 0.179078 0.000000 0.000000 0.000000 1.000000
0.730485 0.057622 -0.680494 0.068718 0.000428 0.996395 0.084832 88.834396 0.682929 -0.062260 0.727827 0.147506 0.000000 0.000000 0.000000 1.000000
0.730783 0.057674 -0.680169 0.063630 0.000359 0.996392 0.084874 88.816559 0.682610 -0.062268 0.728125 0.114330 0.000000 0.000000 0.000000 1.000000
0.730872 0.057501 -0.680088 0.056133 0.000349 0.996413 0.084622 88.811783 0.682514 -0.062085 0.728230 0.080382 0.000000 0.000000 0.000000 1.000000
0.730655 0.057158 -0.680350 0.049335 0.000398 0.996454 0.084142 88.811317 0.682747 -0.061750 0.728041 0.044548 0.000000 0.000000 0.000000 1.000000
0.730260 0.056799 -0.680805 0.045905 0.000479 0.996495 0.083651 88.801979 0.683170 -0.061413 0.727673 0.005495 0.000000 0.000000 0.000000 1.000000
0.729969 0.056530 -0.681138 0.045096 0.000584 0.996522 0.083331 88.776169 0.683480 -0.061227 0.727397 -0.035679 0.000000 0.000000 0.000000 1.000000
0.729979 0.056347 -0.681143 0.043640 0.000706 0.996533 0.083194 88.737206 0.683469 -0.061211 0.727408 -0.075481 0.000000 0.000000 0.000000 1.000000
0.730219 0.056188 -0.680898 0.039048 0.000833 0.996538 0.083128 88.696396 0.683212 -0.061269 0.727645 -0.110773 0.000000 0.000000 0.000000 1.000000
0.730418 0.055986 -0.680702 0.031118 0.000981 0.996548 0.083016 88.664680 0.682999 -0.061304 0.727842 -0.141530 0.000000 0.000000 0.000000 1.000000
0.730345 0.055682 -0.680805 0.021268 0.001154 0.996570 0.082746 88.645050 0.683077 -0.061219 0.727776 -0.170702 0.000000 0.000000 0.000000 1.000000
0.729975 0.055330 -0.681231 0.011338 0.001335 0.996601 0.082374 88.632309 0.683473 -0.061040 0.727420 -0.202589 0.000000 0.000000 0.000000 1.000000
0.729470 0.054984 -0.681799 0.002919 0.001511 0.996632 0.081990 88.617813 0.684011 -0.060840 0.726930 -0.240371 0.000000 0.000000 0.000000 1.000000
0.729045 0.054697 -0.682277 -0.003167 0.001642 0.996659 0.081655 88.596344 0.684464 -0.060651 0.726519 -0.284723 0.000000 0.000000 0.000000 1.000000
0.728825 0.054443 -0.682532 -0.007481 0.001728 0.996684 0.081348 88.568314 0.684698 -0.060468 0.726314 -0.333704 0.000000 0.000000 0.000000 1.000000
0.728821 0.054174 -0.682557 -0.011366 0.001795 0.996710 0.081025 88.538452 0.684701 -0.060278 0.726327 -0.383823 0.000000 0.000000 0.000000 1.000000
0.728970 0.053880 -0.682422 -0.015542 0.001861 0.996738 0.080685 88.512314 0.684544 -0.060087 0.726491 -0.431773 0.000000 0.000000 0.000000 1.000000
0.729173 0.053565 -0.682230 -0.019086 0.001945 0.996766 0.080339 88.491982 0.684327 -0.059908 0.726710 -0.475039 0.000000 0.000000 0.000000 1.000000
0.729310 0.053192 -0.682113 -0.020230 0.002089 0.996796 0.079965 88.475418 0.684180 -0.059744 0.726862 -0.511681 0.000000 0.000000 0.000000 1.000000
0.729279 0.052796 -0.682177 -0.018035 0.002270 0.996826 0.079574 88.458801 0.684213 -0.059580 0.726844 -0.540295 0.000000 0.000000 0.000000 1.000000
0.729064 0.052545 -0.682425 -0.013068 0.002358 0.996850 0.079274 88.440598 0.684441 -0.059405 0.726644 -0.560612 0.000000 0.000000 0.000000 1.000000
0.728745 0.052402 -0.682777 -0.007678 0.002380 0.996868 0.079048 88.422127 0.684781 -0.059231 0.726338 -0.574627 0.000000 0.000000 0.000000 1.000000
0.728452 0.052279 -0.683099 -0.003902 0.002397 0.996884 0.078849 88.405968 0.685093 -0.059075 0.726057 -0.585416 0.000000 0.000000 0.000000 1.000000
0.728291 0.052145 -0.683281 -0.002501 0.002410 0.996900 0.078648 88.393715 0.685264 -0.058926 0.725907 -0.595479 0.000000 0.000000 0.000000 1.000000
0.728301 0.051961 -0.683285 -0.003027 0.002426 0.996919 0.078397 88.385300 0.685253 -0.058754 0.725931 -0.606047 0.000000 0.000000 0.000000 1.000000
0.728422 0.051712 -0.683174 -0.004114 0.002444 0.996945 0.078069 88.379929 0.685124 -0.058537 0.726070 -0.617224 0.000000 0.000000 0.000000 1.000000
0.728515 0.051441 -0.683096 -0.003889 0.002462 0.996973 0.077703 88.375832 0.685026 -0.058290 0.726183 -0.628476 0.000000 0.000000 0.000000 1.000000
0.728514 0.051311 -0.683107 -0.003278 0.002469 0.996988 0.077522 88.373901 0.685026 -0.058163 0.726193 -0.633952 0.000000 0.000000 0.000000 1.000000</float_array><technique_common><accessor source="#Hips-Matrix-animation-output-transform-array" count="60" stride="16"><param type="float4x4"/></accessor></technique_common></source><source id="Hips-Interpolations"><Name_array id="Hips-Interpolations-array" count="60">
 LINEAR LINEAR LINEAR LINEAR LINEAR LINEAR LINEAR LINEAR LINEAR LINEAR LINEAR
LINEAR LINEAR LINEAR LINEAR LINEAR LINEAR LINEAR LINEAR LINEAR LINEAR LINEAR LINEAR
LINEAR LINEAR LINEAR LINEAR LINEAR LINEAR LINEAR LINEAR LINEAR LINEAR LINEAR LINEAR
LINEAR LINEAR LINEAR LINEAR LINEAR LINEAR LINEAR LINEAR LINEAR LINEAR LINEAR LINEAR
LINEAR LINEAR LINEAR LINEAR LINEAR LINEAR LINEAR LINEAR LINEAR LINEAR LINEAR LINEAR
LINEAR</Name_array><technique_common><accessor source="#Hips-Interpolations-array" count="60"><param type="name"/></accessor></technique_common></source><sampler id="Hips-Matrix-animation-transform"><input semantic="INPUT" source="#Hips-Matrix-animation-input"/><input semantic="OUTPUT" source="#Hips-Matrix-animation-output-transform"/><input semantic="INTERPOLATION" source="#Hips-Interpolations"/></sampler><channel source="#Hips-Matrix-animation-transform" target="Hips/matrix"/></animation>
    <animation id="Spine-anim" name="Spine"><source id="Spine-Matrix-animation-input"><float_array id="Spine-Matrix-animation-input-array" count="60">

0.000000 0.033333 0.066667 0.100000 0.133333 0.166667 0.200000 0.233333 0.266667 0.300000 0.333333 0.366667 0.400000 0.433333 0.466667 0.500000
0.533333 0.566667 0.600000 0.633333 0.666667 0.700000 0.733333 0.766667 0.800000 0.833333 0.866667 0.900000 0.933333 0.966667 1.000000 1.033333
1.066667 1.100000 1.133333 1.166667 1.200000 1.233333 1.266667 1.300000 1.333333 1.366667 1.400000 1.433333 1.466667 1.500000 1.533333 1.566667
1.600000 1.633333 1.666667 1.700000 1.733333 1.766667 1.800000 1.833333 1.866667 1.900000 1.933333 1.966667</float_array><technique_common><accessor source="#Spine-Matrix-animation-input-array" count="60"><param name="TIME" type="float"/></accessor></technique_common></source><source id="Spine-Matrix-animation-output-transform"><float_array id="Spine-Matrix-animation-output-transform-array" count="960">

0.996416 0.021593 0.081786 0.000000 -0.013243 0.994769 -0.101290 13.663900 -0.083545 0.099844 0.991489 -1.184000 0.000000 0.000000 0.000000 1.000000
0.996416 0.021594 0.081785 -0.000000 -0.013248 0.994774 -0.101240 13.663900 -0.083544 0.099794 0.991495 -1.184000 0.000000 0.000000 0.000000 1.000000
0.996416 0.021571 0.081788 0.000000 -0.013234 0.994785 -0.101132 13.663900 -0.083543 0.099687 0.991505 -1.184000 0.000000 0.000000 0.000000 1.000000
0.996422 0.021497 0.081743 0.000000 -0.013179 0.994803 -0.100964 13.663900 -0.083489 0.099526 0.991526 -1.184000 0.000000 0.000000 0.000000 1.000000
0.996434 0.021369 0.081631 -0.000000 -0.013082 0.994827 -0.100733 13.663900 -0.083361 0.099306 0.991559 -1.184000 0.000000 0.000000 0.000000 1.000000
0.996458 0.021153 0.081385 0.000000 -0.012915 0.994859 -0.100447 13.663900 -0.083091 0.099040 0.991608 -1.184000 0.000000 0.000000 0.000000 1.000000
0.996484 0.020928 0.081130 -0.000000 -0.012743 0.994893 -0.100123 13.663900 -0.082811 0.098737 0.991662 -1.184000 0.000000 0.000000 0.000000 1.000000
0.996500 0.020727 0.080986 0.000000 -0.012588 0.994933 -0.099751 13.663900 -0.082643 0.098382 0.991711 -1.184000 0.000000 0.000000 0.000000 1.000000
0.996506 0.020548 0.080960 -0.000000 -0.012447 0.994978 -0.099321 13.663900 -0.082594 0.097966 0.991756 -1.184000 0.000000 0.000000 0.000000 1.000000
0.996504 0.020383 0.081020 0.000000 -0.012318 0.995029 -0.098823 13.663900 -0.082631 0.097479 0.991801 -1.184000 0.000000 0.000000 0.000000 1.000000
0.996499 0.020219 0.081123 0.000000 -0.012188 0.995082 -0.098299 13.663900 -0.082712 0.096967 0.991845 -1.184000 0.000000 0.000000 0.000000 1.000000
0.996493 0.020048 0.081239 0.000000 -0.012047 0.995132 -0.097808 13.663900 -0.082804 0.096486 0.991884 -1.184000 0.000000 0.000000 0.000000 1.000000
0.996491 0.019857 0.081313 -0.000000 -0.011885 0.995178 -0.097367 13.663900 -0.082855 0.096059 0.991921 -1.184000 0.000000 0.000000 0.000000 1.000000
0.996498 0.019634 0.081280 0.000000 -0.011701 0.995220 -0.096956 13.663900 -0.082795 0.095666 0.991964 -1.184000 0.000000 0.000000 0.000000 1.000000
0.996515 0.019376 0.081127 -0.000000 -0.011492 0.995263 -0.096535 13.663900 -0.082613 0.095267 0.992018 -1.184000 0.000000 0.000000 0.000000 1.000000
0.996533 0.019111 0.080975 0.000000 -0.011281 0.995310 -0.096075 13.663900 -0.082432 0.094828 0.992075 -1.184000 0.000000 0.000000 0.000000 1.000000
0.996541 0.018867 0.080933 0.000000 -0.011082 0.995360 -0.095583 13.663900 -0.082360 0.094356 0.992126 -1.184000 0.000000 0.000000 0.000000 1.000000
0.996539 0.018673 0.081007 0.000000 -0.010922 0.995408 -0.095093 13.663900 -0.082411 0.093879 0.992167 -1.184000 0.000000 0.000000 0.000000 1.000000
0.996532 0.018517 0.081120 -0.000000 -0.010794 0.995453 -0.094635 13.663900 -0.082504 0.093431 0.992201 -1.184000 0.000000 0.000000 0.000000 1.000000
0.996530 0.018366 0.081189 0.000000 -0.010669 0.995492 -0.094239 13.663900 -0.082553 0.093046 0.992234 -1.184000 0.000000 0.000000 0.000000 1.000000
0.996533 0.018208 0.081181 0.000000 -0.010542 0.995528 -0.093881 13.663900 -0.082527 0.092699 0.992268 -1.184000 0.000000 0.000000 0.000000 1.000000
0.996541 0.018054 0.081123 -0.000000 -0.010421 0.995561 -0.093541 13.663900 -0.082452 0.092372 0.992305 -1.184000 0.000000 0.000000 0.000000 1.000000
0.996548 0.017911 0.081069 -0.000000 -0.010311 0.995593 -0.093208 13.663900 -0.082381 0.092050 0.992341 -1.184000 0.000000 0.000000 0.000000 1.000000
0.996551 0.017788 0.081053 0.000000 -0.010215 0.995623 -0.092899 13.663900 -0.082350 0.091750 0.992371 -1.184000 0.000000 0.000000 0.000000 1.000000
0.996552 0.017689 0.081063 0.000000 -0.010137 0.995648 -0.092644 13.663900 -0.082349 0.091503 0.992394 -1.184000 0.000000 0.000000 0.000000 1.000000
0.996550 0.017630 0.081097 0.000000 -0.010089 0.995664 -0.092472 13.663900 -0.082375 0.091335 0.992407 -1.184000 0.000000 0.000000 0.000000 1.000000
0.996547 0.017624 0.081136 0.000000 -0.010084 0.995669 -0.092419 13.663900 -0.082414 0.091281 0.992409 -1.184000 0.000000 0.000000 0.000000 1.000000
0.996543 0.017674 0.081172 0.000000 -0.010123 0.995661 -0.092507 13.663900 -0.082454 0.091365 0.992398 -1.184000 0.000000 0.000000 0.000000 1.000000
0.996540 0.017760 0.081201 -0.000000 -0.010189 0.995641 -0.092710 13.663900 -0.082494 0.091562 0.992377 -1.184000 0.000000 0.000000 0.000000 1.000000
0.996535 0.017865 0.081234 -0.000000 -0.010270 0.995616 -0.092966 13.663900 -0.082539 0.091810 0.992350 -1.184000 0.000000 0.000000 0.000000 1.000000
0.996530 0.017982 0.081267 0.000000 -0.010360 0.995589 -0.093248 13.663900 -0.082586 0.092082 0.992321 -1.184000 0.000000 0.000000 0.000000 1.000000
0.996528 0.018102 0.081273 0.000000 -0.010452 0.995556 -0.093588 13.663900 -0.082606 0.092414 0.992288 -1.184000 0.000000 0.000000 0.000000 1.000000
0.996528 0.018220 0.081236 -0.000000 -0.010538 0.995515 -0.094010 13.663900 -0.082585 0.092827 0.992251 -1.184000 0.000000 0.000000 0.000000 1.000000
0.996531 0.018336 0.081180 -0.000000 -0.010622 0.995473 -0.094449 13.663900 -0.082545 0.093259 0.992214 -1.184000 0.000000 0.000000 0.000000 1.000000
0.996531 0.018456 0.081146 -0.000000 -0.010712 0.995434 -0.094847 13.663900 -0.082526 0.093649 0.992179 -1.184000 0.000000 0.000000 0.000000 1.000000
0.996527 0.018598 0.081167 0.000000 -0.010824 0.995400 -0.095189 13.663900 -0.082564 0.093980 0.992145 -1.184000 0.000000 0.000000 0.000000 1.000000
0.996518 0.018763 0.081233 0.000000 -0.010956 0.995368 -0.095510 13.663900 -0.082649 0.094288 0.992108 -1.184000 0.000000 0.000000 0.000000 1.000000
0.996510 0.018939 0.081294 -0.000000 -0.011098 0.995334 -0.095846 13.663900 -0.082729 0.094610 0.992071 -1.184000 0.000000 0.000000 0.000000 1.000000
0.996506 0.019093 0.081305 -0.000000 -0.011218 0.995296 -0.096230 13.663900 -0.082760 0.094981 0.992033 -1.184000 0.000000 0.000000 0.000000 1.000000
0.996507 0.019204 0.081273 -0.000000 -0.011299 0.995256 -0.096632 13.663900 -0.082744 0.095376 0.991996 -1.184000 0.000000 0.000000 0.000000 1.000000
0.996508 0.019321 0.081226 -0.000000 -0.011389 0.995219 -0.097000 13.663900 -0.082712 0.095736 0.991964 -1.184000 0.000000 0.000000 0.000000 1.000000
0.996507 0.019456 0.081212 0.000000 -0.011500 0.995188 -0.097306 13.663900 -0.082714 0.096032 0.991936 -1.184000 0.000000 0.000000 0.000000 1.000000
0.996500 0.019612 0.081255 0.000000 -0.011630 0.995161 -0.097569 13.663900 -0.082775 0.096283 0.991906 -1.184000 0.000000 0.000000 0.000000 1.000000
0.996490 0.019790 0.081343 0.000000 -0.011777 0.995133 -0.097834 13.663900 -0.082884 0.096533 0.991873 -1.184000 0.000000 0.000000 0.000000 1.000000
0.996476 0.019989 0.081458 -0.000000 -0.011939 0.995102 -0.098131 13.663900 -0.083020 0.096813 0.991834 -1.184000 0.000000 0.000000 0.000000 1.000000
0.996463 0.020189 0.081571 0.000000 -0.012102 0.995068 -0.098450 13.663900 -0.083156 0.097115 0.991793 -1.184000 0.000000 0.000000 0.000000 1.000000
0.996453 0.020379 0.081646 -0.000000 -0.012256 0.995034 -0.098782 13.663900 -0.083253 0.097431 0.991754 -1.184000 0.000000 0.000000 0.000000 1.000000
0.996446 0.020556 0.081681 0.000000 -0.012402 0.994999 -0.099110 13.663900 -0.083310 0.097744 0.991718 -1.184000 0.000000 0.000000 0.000000 1.000000
0.996442 0.020715 0.081690 -0.000000 -0.012533 0.994966 -0.099426 13.663900 -0.083339 0.098048 0.991686 -1.184000 0.000000 0.000000 0.000000 1.000000
0.996439 0.020857 0.081692 -0.000000 -0.012650 0.994935 -0.099724 13.663900 -0.083358 0.098335 0.991656 -1.184000 0.000000 0.000000 0.000000 1.000000
0.996437 0.020982 0.081692 -0.000000 -0.012751 0.994906 -0.100001 13.663900 -0.083374 0.098603 0.991628 -1.184000 0.000000 0.000000 0.000000 1.000000
0.996433 0.021092 0.081704 0.000000 -0.012838 0.994879 -0.100255 13.663900 -0.083400 0.098849 0.991601 -1.184000 0.000000 0.000000 0.000000 1.000000
0.996428 0.021171 0.081745 -0.000000 -0.012895 0.994856 -0.100478 13.663900 -0.083452 0.099065 0.991575 -1.184000 0.000000 0.000000 0.000000 1.000000
0.996423 0.021221 0.081796 0.000000 -0.012924 0.994836 -0.100669 13.663900 -0.083510 0.099251 0.991552 -1.184000 0.000000 0.000000 0.000000 1.000000
0.996419 0.021264 0.081834 0.000000 -0.012948 0.994819 -0.100837 13.663900 -0.083554 0.099416 0.991532 -1.184000 0.000000 0.000000 0.000000 1.000000
0.996417 0.021320 0.081839 -0.000000 -0.012991 0.994803 -0.100989 13.663900 -0.083567 0.099564 0.991516 -1.184000 0.000000 0.000000 0.000000 1.000000
0.996417 0.021381 0.081831 -0.000000 -0.013042 0.994789 -0.101117 13.663900 -0.083566 0.099687 0.991503 -1.184000 0.000000 0.000000 0.000000 1.000000
0.996416 0.021438 0.081823 0.000000 -0.013091 0.994778 -0.101218 13.663900 -0.083566 0.099784 0.991494 -1.184000 0.000000 0.000000 0.000000 1.000000
0.996416 0.021479 0.081820 0.000000 -0.013124 0.994768 -0.101311 13.663900 -0.083568 0.099874 0.991485 -1.184000 0.000000 0.000000 0.000000 1.000000
0.996415 0.021496 0.081819 -0.000000 -0.013139 0.994764 -0.101350 13.663900 -0.083570 0.099912 0.991481 -1.184000 0.000000 0.000000 0.000000 1.000000</float_array><technique_common><accessor source="#Spine-Matrix-animation-output-transform-array" count="60" stride="16"><param type="float4x4"/></accessor></technique_common></source><source id="Spine-Interpolations"><Name_array id="Spine-Interpolations-array" count="60">
 LINEAR LINEAR LINEAR LINEAR LINEAR LINEAR LINEAR LINEAR LINEAR LINEAR LINEAR
LINEAR LINEAR LINEAR LINEAR LINEAR LINEAR LINEAR LINEAR LINEAR LINEAR LINEAR LINEAR
LINEAR LINEAR LINEAR LINEAR LINEAR LINEAR LINEAR LINEAR LINEAR LINEAR LINEAR LINEAR
LINEAR LINEAR LINEAR LINEAR LINEAR LINEAR LINEAR LINEAR LINEAR LINEAR LINEAR LINEAR
LINEAR LINEAR LINEAR LINEAR LINEAR LINEAR LINEAR LINEAR LINEAR LINEAR LINEAR LINEAR
LINEAR</Name_array><technique_common><accessor source="#Spine-Interpolations-array" count="60"><param type="name"/></accessor></technique_common></source><sampler id="Spine-Matrix-animation-transform"><input semantic="INPUT" source="#Spine-Matrix-animation-input"/><input semantic="OUTPUT" source="#Spine-Matrix-animation-output-transform"/><input semantic="INTERPOLATION" source="#Spine-Interpolations"/></sampler><channel source="#Spine-Matrix-animation-transform" target="Spine/matrix"/></animation>
    <animation id="Spine1-anim" name="Spine1"><source id="Spine1-Matrix-animation-input"><float_array id="Spine1-Matrix-animation-input-array" count="60">

0.000000 0.033333 0.066667 0.100000 0.133333 0.166667 0.200000 0.233333 0.266667 0.300000 0.333333 0.366667 0.400000 0.433333 0.466667 0.500000
0.533333 0.566667 0.600000 0.633333 0.666667 0.700000 0.733333 0.766667 0.800000 0.833333 0.866667 0.900000 0.933333 0.966667 1.000000 1.033333
1.066667 1.100000 1.133333 1.166667 1.200000 1.233333 1.266667 1.300000 1.333333 1.366667 1.400000 1.433333 1.466667 1.500000 1.533333 1.566667
1.600000 1.633333 1.666667 1.700000 1.733333 1.766667 1.800000 1.833333 1.866667 1.900000 1.933333 1.966667</float_array><technique_common><accessor source="#Spine1-Matrix-animation-input-array" count="60"><param name="TIME" type="float"/></accessor></technique_common></source><source id="Spine1-Matrix-animation-output-transform"><float_array id="Spine1-Matrix-animation-output-transform-array" count="960">

0.986184 0.053092 0.156915 0.000000 -0.020480 0.979057 -0.202553 15.941200 -0.164383 0.196541 0.966618 -1.381300 0.000000 0.000000 0.000000 1.000000
0.986184 0.053064 0.156923 0.000000 -0.020467 0.979078 -0.202452 15.941200 -0.164382 0.196443 0.966638 -1.381300 0.000000 0.000000 0.000000 1.000000
0.986185 0.052995 0.156941 -0.000000 -0.020432 0.979124 -0.202237 15.941200 -0.164382 0.196236 0.966680 -1.381300 0.000000 0.000000 0.000000 1.000000
0.986204 0.052853 0.156871 0.000000 -0.020362 0.979194 -0.201904 15.941200 -0.164278 0.195924 0.966761 -1.381300 0.000000 0.000000 0.000000 1.000000
0.986247 0.052629 0.156673 -0.000000 -0.020256 0.979290 -0.201448 15.941200 -0.164030 0.195504 0.966888 -1.381300 0.000000 0.000000 0.000000 1.000000
0.986341 0.052236 0.156217 0.000000 -0.020054 0.979411 -0.200880 15.941200 -0.163493 0.195003 0.967080 -1.381300 0.000000 0.000000 0.000000 1.000000
0.986435 0.051839 0.155749 0.000000 -0.019861 0.979546 -0.200238 15.941200 -0.162944 0.194429 0.967288 -1.381300 0.000000 0.000000 0.000000 1.000000
0.986492 0.051509 0.155501 0.000000 -0.019706 0.979698 -0.199506 15.941200 -0.162621 0.193746 0.967480 -1.381300 0.000000 0.000000 0.000000 1.000000
0.986508 0.051242 0.155489 0.000000 -0.019585 0.979872 -0.198663 15.941200 -0.162539 0.192938 0.967655 -1.381300 0.000000 0.000000 0.000000 1.000000
0.986494 0.051018 0.155650 0.000000 -0.019494 0.980071 -0.197690 15.941200 -0.162634 0.191985 0.967828 -1.381300 0.000000 0.000000 0.000000 1.000000
0.986465 0.050809 0.155901 0.000000 -0.019409 0.980278 -0.196668 15.941200 -0.162819 0.190980 0.967996 -1.381300 0.000000 0.000000 0.000000 1.000000
0.986433 0.050591 0.156173 0.000000 -0.019301 0.980472 -0.195707 15.941200 -0.163024 0.190038 0.968147 -1.381300 0.000000 0.000000 0.000000 1.000000
0.986418 0.050325 0.156357 0.000000 -0.019145 0.980647 -0.194845 15.941200 -0.163137 0.189205 0.968291 -1.381300 0.000000 0.000000 0.000000 1.000000
0.986440 0.049980 0.156330 0.000000 -0.018944 0.980811 -0.194037 15.941200 -0.163028 0.188444 0.968458 -1.381300 0.000000 0.000000 0.000000 1.000000
0.986502 0.049557 0.156070 0.000000 -0.018714 0.980980 -0.193206 15.941200 -0.162677 0.187678 0.968666 -1.381300 0.000000 0.000000 0.000000 1.000000
0.986563 0.049129 0.155817 0.000000 -0.018489 0.981162 -0.192298 15.941200 -0.162329 0.186834 0.968887 -1.381300 0.000000 0.000000 0.000000 1.000000
0.986587 0.048753 0.155786 0.000000 -0.018283 0.981355 -0.191332 15.941200 -0.162209 0.185917 0.969084 -1.381300 0.000000 0.000000 0.000000 1.000000
0.986569 0.048478 0.155985 0.000000 -0.018132 0.981545 -0.190371 15.941200 -0.162335 0.184985 0.969241 -1.381300 0.000000 0.000000 0.000000 1.000000
0.986537 0.048268 0.156255 0.000000 -0.018022 0.981720 -0.189475 15.941200 -0.162544 0.184108 0.969373 -1.381300 0.000000 0.000000 0.000000 1.000000
0.986519 0.048061 0.156433 -0.000000 -0.017913 0.981872 -0.188699 15.941200 -0.162666 0.183353 0.969495 -1.381300 0.000000 0.000000 0.000000 1.000000
0.986527 0.047835 0.156452 -0.000000 -0.017802 0.982008 -0.187996 15.941200 -0.162630 0.182678 0.969629 -1.381300 0.000000 0.000000 0.000000 1.000000
0.986550 0.047624 0.156368 0.000000 -0.017719 0.982137 -0.187331 15.941200 -0.162497 0.182041 0.969771 -1.381300 0.000000 0.000000 0.000000 1.000000
0.986570 0.047449 0.156293 0.000000 -0.017667 0.982262 -0.186682 15.941200 -0.162378 0.181413 0.969908 -1.381300 0.000000 0.000000 0.000000 1.000000
0.986578 0.047315 0.156287 0.000000 -0.017636 0.982376 -0.186082 15.941200 -0.162337 0.180828 0.970025 -1.381300 0.000000 0.000000 0.000000 1.000000
0.986575 0.047223 0.156333 0.000000 -0.017618 0.982470 -0.185588 15.941200 -0.162356 0.180342 0.970112 -1.381300 0.000000 0.000000 0.000000 1.000000
0.986563 0.047189 0.156417 -0.000000 -0.017624 0.982532 -0.185256 15.941200 -0.162427 0.180010 0.970162 -1.381300 0.000000 0.000000 0.000000 1.000000
0.986547 0.047238 0.156502 0.000000 -0.017674 0.982550 -0.185158 15.941200 -0.162518 0.179901 0.970167 -1.381300 0.000000 0.000000 0.000000 1.000000
0.986530 0.047378 0.156566 0.000000 -0.017772 0.982514 -0.185339 15.941200 -0.162609 0.180060 0.970122 -1.381300 0.000000 0.000000 0.000000 1.000000
0.986514 0.047577 0.156612 -0.000000 -0.017893 0.982435 -0.185746 15.941200 -0.162698 0.180439 0.970037 -1.381300 0.000000 0.000000 0.000000 1.000000
0.986495 0.047802 0.156659 0.000000 -0.018022 0.982336 -0.186257 15.941200 -0.162795 0.180918 0.969931 -1.381300 0.000000 0.000000 0.000000 1.000000
0.986478 0.048017 0.156699 -0.000000 -0.018136 0.982228 -0.186815 15.941200 -0.162885 0.181447 0.969817 -1.381300 0.000000 0.000000 0.000000 1.000000
0.986473 0.048209 0.156676 0.000000 -0.018218 0.982099 -0.187484 15.941200 -0.162910 0.182094 0.969692 -1.381300 0.000000 0.000000 0.000000 1.000000
0.986482 0.048378 0.156565 0.000000 -0.018268 0.981940 -0.188310 15.941200 -0.162848 0.182904 0.969550 -1.381300 0.000000 0.000000 0.000000 1.000000
0.986498 0.048536 0.156414 0.000000 -0.018310 0.981774 -0.189169 15.941200 -0.162745 0.183751 0.969407 -1.381300 0.000000 0.000000 0.000000 1.000000
0.986506 0.048712 0.156312 0.000000 -0.018373 0.981622 -0.189950 15.941200 -0.162692 0.184515 0.969271 -1.381300 0.000000 0.000000 0.000000 1.000000
0.986493 0.048927 0.156327 -0.000000 -0.018472 0.981490 -0.190621 15.941200 -0.162760 0.185159 0.969136 -1.381300 0.000000 0.000000 0.000000 1.000000
0.986464 0.049179 0.156432 0.000000 -0.018596 0.981365 -0.191252 15.941200 -0.162922 0.185755 0.968995 -1.381300 0.000000 0.000000 0.000000 1.000000
0.986437 0.049434 0.156520 0.000000 -0.018723 0.981234 -0.191911 15.941200 -0.163069 0.186378 0.968851 -1.381300 0.000000 0.000000 0.000000 1.000000
0.986429 0.049634 0.156508 -0.000000 -0.018798 0.981086 -0.192660 15.941200 -0.163110 0.187103 0.968704 -1.381300 0.000000 0.000000 0.000000 1.000000
0.986439 0.049748 0.156405 0.000000 -0.018798 0.980931 -0.193443 15.941200 -0.163046 0.187879 0.968565 -1.381300 0.000000 0.000000 0.000000 1.000000
0.986454 0.049882 0.156270 -0.000000 -0.018837 0.980789 -0.194159 15.941200 -0.162953 0.188586 0.968443 -1.381300 0.000000 0.000000 0.000000 1.000000
0.986455 0.050069 0.156206 0.000000 -0.018935 0.980669 -0.194758 15.941200 -0.162938 0.189162 0.968333 -1.381300 0.000000 0.000000 0.000000 1.000000
0.986434 0.050307 0.156260 0.000000 -0.019074 0.980563 -0.195276 15.941200 -0.163047 0.189646 0.968220 -1.381300 0.000000 0.000000 0.000000 1.000000
0.986397 0.050582 0.156407 -0.000000 -0.019231 0.980456 -0.195798 15.941200 -0.163254 0.190126 0.968091 -1.381300 0.000000 0.000000 0.000000 1.000000
0.986350 0.050887 0.156604 -0.000000 -0.019398 0.980336 -0.196380 15.941200 -0.163518 0.190662 0.967941 -1.381300 0.000000 0.000000 0.000000 1.000000
0.986305 0.051178 0.156792 -0.000000 -0.019544 0.980208 -0.197005 15.941200 -0.163772 0.191243 0.967784 -1.381300 0.000000 0.000000 0.000000 1.000000
0.986274 0.051431 0.156903 0.000000 -0.019664 0.980075 -0.197653 15.941200 -0.163942 0.191855 0.967634 -1.381300 0.000000 0.000000 0.000000 1.000000
0.986257 0.051655 0.156936 0.000000 -0.019771 0.979944 -0.198291 15.941200 -0.164031 0.192463 0.967498 -1.381300 0.000000 0.000000 0.000000 1.000000
0.986249 0.051851 0.156920 0.000000 -0.019865 0.979817 -0.198906 15.941200 -0.164066 0.193054 0.967374 -1.381300 0.000000 0.000000 0.000000 1.000000
0.986245 0.052024 0.156889 0.000000 -0.019945 0.979698 -0.199487 15.941200 -0.164082 0.193613 0.967260 -1.381300 0.000000 0.000000 0.000000 1.000000
0.986241 0.052178 0.156863 0.000000 -0.020012 0.979586 -0.200026 15.941200 -0.164098 0.194135 0.967152 -1.381300 0.000000 0.000000 0.000000 1.000000
0.986234 0.052314 0.156863 0.000000 -0.020063 0.979484 -0.200521 15.941200 -0.164135 0.194613 0.967050 -1.381300 0.000000 0.000000 0.000000 1.000000
0.986218 0.052421 0.156924 0.000000 -0.020083 0.979395 -0.200955 15.941200 -0.164225 0.195034 0.966950 -1.381300 0.000000 0.000000 0.000000 1.000000
0.986201 0.052491 0.157010 -0.000000 -0.020072 0.979318 -0.201327 15.941200 -0.164330 0.195397 0.966859 -1.381300 0.000000 0.000000 0.000000 1.000000
0.986188 0.052553 0.157069 -0.000000 -0.020066 0.979251 -0.201655 15.941200 -0.164408 0.195718 0.966781 -1.381300 0.000000 0.000000 0.000000 1.000000
0.986184 0.052649 0.157067 -0.000000 -0.020110 0.979188 -0.201955 15.941200 -0.164431 0.196006 0.966718 -1.381300 0.000000 0.000000 0.000000 1.000000
0.986183 0.052746 0.157036 -0.000000 -0.020170 0.979135 -0.202206 15.941200 -0.164425 0.196245 0.966671 -1.381300 0.000000 0.000000 0.000000 1.000000
0.986183 0.052829 0.157009 0.000000 -0.020224 0.979093 -0.202405 15.941200 -0.164420 0.196433 0.966633 -1.381300 0.000000 0.000000 0.000000 1.000000
0.986183 0.052881 0.156995 -0.000000 -0.020248 0.979055 -0.202586 15.941200 -0.164420 0.196608 0.966598 -1.381300 0.000000 0.000000 0.000000 1.000000
0.986182 0.052902 0.156989 0.000000 -0.020257 0.979039 -0.202661 15.941200 -0.164419 0.196681 0.966583 -1.381300 0.000000 0.000000 0.000000 1.000000</float_array><technique_common><accessor source="#Spine1-Matrix-animation-output-transform-array" count="60" stride="16"><param type="float4x4"/></accessor></technique_common></source><source id="Spine1-Interpolations"><Name_array id="Spine1-Interpolations-array" count="60">
 LINEAR LINEAR LINEAR LINEAR LINEAR LINEAR LINEAR LINEAR LINEAR LINEAR LINEAR
LINEAR LINEAR LINEAR LINEAR LINEAR LINEAR LINEAR LINEAR LINEAR LINEAR LINEAR LINEAR
LINEAR LINEAR LINEAR LINEAR LINEAR LINEAR LINEAR LINEAR LINEAR LINEAR LINEAR LINEAR
LINEAR LINEAR LINEAR LINEAR LINEAR LINEAR LINEAR LINEAR LINEAR LINEAR LINEAR LINEAR
LINEAR LINEAR LINEAR LINEAR LINEAR LINEAR LINEAR LINEAR LINEAR LINEAR LINEAR LINEAR
LINEAR</Name_array><technique_common><accessor source="#Spine1-Interpolations-array" count="60"><param type="name"/></accessor></technique_common></source><sampler id="Spine1-Matrix-animation-transform"><input semantic="INPUT" source="#Spine1-Matrix-animation-input"/><input semantic="OUTPUT" source="#Spine1-Matrix-animation-output-transform"/><input semantic="INTERPOLATION" source="#Spine1-Interpolations"/></sampler><channel source="#Spine1-Matrix-animation-transform" target="Spine1/matrix"/></animation>
    <animation id="Spine2-anim" name="Spine2"><source id="Spine2-Matrix-animation-input"><float_array id="Spine2-Matrix-animation-input-array" count="60">

0.000000 0.033333 0.066667 0.100000 0.133333 0.166667 0.200000 0.233333 0.266667 0.300000 0.333333 0.366667 0.400000 0.433333 0.466667 0.500000
0.533333 0.566667 0.600000 0.633333 0.666667 0.700000 0.733333 0.766667 0.800000 0.833333 0.866667 0.900000 0.933333 0.966667 1.000000 1.033333
1.066667 1.100000 1.133333 1.166667 1.200000 1.233333 1.266667 1.300000 1.333333 1.366667 1.400000 1.433333 1.466667 1.500000 1.533333 1.566667
1.600000 1.633333 1.666667 1.700000 1.733333 1.766667 1.800000 1.833333 1.866667 1.900000 1.933333 1.966667</float_array><technique_common><accessor source="#Spine2-Matrix-animation-input-array" count="60"><param name="TIME" type="float"/></accessor></technique_common></source><source id="Spine2-Matrix-animation-output-transform"><float_array id="Spine2-Matrix-animation-output-transform-array" count="960">

0.986184 0.053092 0.156915 0.000000 -0.020480 0.979057 -0.202553 11.776900 -0.164382 0.196541 0.966618 -1.578600 0.000000 0.000000 0.000000 1.000000
0.986184 0.053064 0.156923 -0.000000 -0.020467 0.979078 -0.202452 11.776900 -0.164382 0.196443 0.966638 -1.578600 0.000000 0.000000 0.000000 1.000000
0.986185 0.052995 0.156941 0.000000 -0.020432 0.979123 -0.202237 11.776900 -0.164382 0.196236 0.966680 -1.578600 0.000000 0.000000 0.000000 1.000000
0.986204 0.052853 0.156870 0.000000 -0.020361 0.979194 -0.201904 11.776900 -0.164278 0.195924 0.966761 -1.578600 0.000000 0.000000 0.000000 1.000000
0.986247 0.052629 0.156673 -0.000000 -0.020256 0.979290 -0.201448 11.776900 -0.164030 0.195504 0.966888 -1.578600 0.000000 0.000000 0.000000 1.000000
0.986341 0.052236 0.156217 0.000000 -0.020054 0.979411 -0.200880 11.776900 -0.163493 0.195003 0.967080 -1.578600 0.000000 0.000000 0.000000 1.000000
0.986435 0.051839 0.155749 -0.000000 -0.019861 0.979546 -0.200238 11.776900 -0.162944 0.194429 0.967288 -1.578600 0.000000 0.000000 0.000000 1.000000
0.986492 0.051509 0.155501 -0.000000 -0.019706 0.979699 -0.199506 11.776900 -0.162621 0.193746 0.967480 -1.578600 0.000000 0.000000 0.000000 1.000000
0.986508 0.051242 0.155489 0.000000 -0.019585 0.979872 -0.198663 11.776900 -0.162539 0.192938 0.967655 -1.578600 0.000000 0.000000 0.000000 1.000000
0.986494 0.051018 0.155651 -0.000000 -0.019494 0.980071 -0.197690 11.776900 -0.162634 0.191985 0.967828 -1.578600 0.000000 0.000000 0.000000 1.000000
0.986465 0.050809 0.155901 0.000000 -0.019409 0.980278 -0.196668 11.776900 -0.162818 0.190980 0.967996 -1.578600 0.000000 0.000000 0.000000 1.000000
0.986433 0.050591 0.156173 0.000000 -0.019301 0.980472 -0.195707 11.776900 -0.163024 0.190037 0.968147 -1.578600 0.000000 0.000000 0.000000 1.000000
0.986418 0.050324 0.156357 -0.000000 -0.019145 0.980647 -0.194845 11.776900 -0.163137 0.189205 0.968291 -1.578600 0.000000 0.000000 0.000000 1.000000
0.986440 0.049980 0.156330 0.000000 -0.018944 0.980811 -0.194037 11.776900 -0.163028 0.188444 0.968458 -1.578600 0.000000 0.000000 0.000000 1.000000
0.986502 0.049557 0.156070 -0.000000 -0.018714 0.980980 -0.193206 11.776900 -0.162676 0.187678 0.968666 -1.578600 0.000000 0.000000 0.000000 1.000000
0.986563 0.049129 0.155817 0.000000 -0.018489 0.981162 -0.192298 11.776900 -0.162330 0.186834 0.968887 -1.578600 0.000000 0.000000 0.000000 1.000000
0.986587 0.048753 0.155786 -0.000000 -0.018283 0.981355 -0.191332 11.776900 -0.162209 0.185917 0.969084 -1.578600 0.000000 0.000000 0.000000 1.000000
0.986569 0.048478 0.155985 -0.000000 -0.018132 0.981545 -0.190371 11.776900 -0.162335 0.184985 0.969241 -1.578600 0.000000 0.000000 0.000000 1.000000
0.986537 0.048268 0.156255 0.000000 -0.018022 0.981720 -0.189475 11.776900 -0.162545 0.184108 0.969373 -1.578600 0.000000 0.000000 0.000000 1.000000
0.986519 0.048061 0.156433 -0.000000 -0.017913 0.981872 -0.188699 11.776900 -0.162666 0.183353 0.969495 -1.578600 0.000000 0.000000 0.000000 1.000000
0.986527 0.047835 0.156452 0.000000 -0.017802 0.982008 -0.187996 11.776900 -0.162630 0.182678 0.969629 -1.578600 0.000000 0.000000 0.000000 1.000000
0.986550 0.047624 0.156368 0.000000 -0.017719 0.982137 -0.187331 11.776900 -0.162497 0.182041 0.969771 -1.578600 0.000000 0.000000 0.000000 1.000000
0.986570 0.047449 0.156293 -0.000000 -0.017667 0.982262 -0.186682 11.776900 -0.162378 0.181413 0.969909 -1.578600 0.000000 0.000000 0.000000 1.000000
0.986578 0.047315 0.156287 0.000000 -0.017636 0.982376 -0.186082 11.776900 -0.162338 0.180828 0.970025 -1.578600 0.000000 0.000000 0.000000 1.000000
0.986575 0.047223 0.156333 -0.000000 -0.017618 0.982470 -0.185587 11.776900 -0.162356 0.180342 0.970112 -1.578600 0.000000 0.000000 0.000000 1.000000
0.986563 0.047189 0.156417 -0.000000 -0.017624 0.982532 -0.185256 11.776900 -0.162427 0.180010 0.970162 -1.578600 0.000000 0.000000 0.000000 1.000000
0.986547 0.047238 0.156503 -0.000000 -0.017674 0.982550 -0.185158 11.776900 -0.162518 0.179901 0.970167 -1.578600 0.000000 0.000000 0.000000 1.000000
0.986530 0.047379 0.156566 -0.000000 -0.017772 0.982514 -0.185339 11.776900 -0.162609 0.180060 0.970122 -1.578600 0.000000 0.000000 0.000000 1.000000
0.986514 0.047577 0.156612 0.000000 -0.017893 0.982435 -0.185746 11.776900 -0.162698 0.180439 0.970037 -1.578600 0.000000 0.000000 0.000000 1.000000
0.986495 0.047802 0.156659 0.000000 -0.018022 0.982336 -0.186257 11.776900 -0.162795 0.180918 0.969931 -1.578600 0.000000 0.000000 0.000000 1.000000
0.986478 0.048017 0.156699 0.000000 -0.018136 0.982228 -0.186814 11.776900 -0.162884 0.181447 0.969817 -1.578600 0.000000 0.000000 0.000000 1.000000
0.986473 0.048209 0.156676 0.000000 -0.018218 0.982099 -0.187484 11.776900 -0.162910 0.182094 0.969692 -1.578600 0.000000 0.000000 0.000000 1.000000
0.986482 0.048378 0.156565 0.000000 -0.018268 0.981940 -0.188310 11.776900 -0.162848 0.182904 0.969550 -1.578600 0.000000 0.000000 0.000000 1.000000
0.986498 0.048536 0.156414 0.000000 -0.018310 0.981774 -0.189169 11.776900 -0.162744 0.183751 0.969407 -1.578600 0.000000 0.000000 0.000000 1.000000
