<?xml version="1.0" encoding="utf-8"?>
<COLLADA xmlns="http://www.collada.org/2005/11/COLLADASchema" version="1.4.1">
  <asset><contributor><author>Mixamo</author><authoring_tool>COLLADA Mixamo exporter</authoring_tool><comments></comments></contributor><created>2018-03-08T20:11:47Z</created><modified>2018-03-08T20:11:47Z</modified><revision></revision><title></title><unit meter="0.010000"/><up_axis>Y_UP</up_axis></asset>
  <library_animations>
    <animation id="Hips-anim" name="Hips"><source id="Hips-Matrix-animation-input"><float_array id="Hips-Matrix-animation-input-array" count="43">

0.000000 0.033333 0.066667 0.100000 0.133333 0.166667 0.200000 0.233333 0.266667 0.300000 0.333333 0.366667 0.400000 0.433333 0.466667 0.500000
0.533333 0.566667 0.600000 0.633333 0.666667 0.700000 0.733333 0.766667 0.800000 0.833333 0.866667 0.900000 0.933333 0.966667 1.000000 1.033333
1.066667 1.100000 1.133333 1.166667 1.200000 1.233333 1.266667 1.300000 1.333333 1.366667 1.400000</float_array><technique_common><accessor source="#Hips-Matrix-animation-input-array" count="43"><param name="TIME" type="float"/></accessor></technique_common></source><source id="Hips-Matrix-animation-output-transform"><float_array id="Hips-Matrix-animation-output-transform-array" count="688">

0.990901 -0.081688 0.106966 2.413650 0.094217 0.988550 -0.117862 91.265221 -0.096114 0.126868 0.987252 0.119240 0.000000 0.000000 0.000000 1.000000
0.990858 -0.092279 0.098408 2.071735 0.101829 0.990071 -0.096899 91.714737 -0.088489 0.106034 0.990417 3.689432 0.000000 0.000000 0.000000 1.000000
0.991374 -0.097161 0.087959 1.821537 0.104783 0.990714 -0.086639 91.756683 -0.078725 0.095109 0.992349 7.220283 0.000000 0.000000 0.000000 1.000000
0.992550 -0.097824 0.072632 1.661879 0.104061 0.990694 -0.087732 91.485016 -0.063374 0.094636 0.993493 10.715654 0.000000 0.000000 0.000000 1.000000
0.993989 -0.096426 0.051849 1.570336 0.101028 0.990337 -0.095006 91.016632 -0.042187 0.099674 0.994125 14.183895 0.000000 0.000000 0.000000 1.000000
0.995099 -0.094794 0.028153 1.510969 0.097210 0.989946 -0.102744 90.370453 -0.018131 0.104977 0.994309 17.661520 0.000000 0.000000 0.000000 1.000000
0.995695 -0.092597 0.004041 1.479990 0.092487 0.989775 -0.108593 89.478363 0.006055 0.108499 0.994078 21.230536 0.000000 0.000000 0.000000 1.000000
0.995904 -0.087908 -0.021169 1.522821 0.084963 0.989891 -0.113561 88.307571 0.030938 0.111297 0.993305 24.990408 0.000000 0.000000 0.000000 1.000000
0.995394 -0.080853 -0.051505 1.685387 0.074145 0.989882 -0.120983 86.896660 0.060766 0.116607 0.991318 28.998573 0.000000 0.000000 0.000000 1.000000
0.993156 -0.074702 -0.089779 1.972739 0.062086 0.988773 -0.135913 85.374039 0.098924 0.129409 0.986644 33.337494 0.000000 0.000000 0.000000 1.000000
0.988204 -0.072805 -0.134730 2.353788 0.050532 0.985511 -0.161909 83.593712 0.144566 0.153191 0.977565 38.130775 0.000000 0.000000 0.000000 1.000000
0.981137 -0.078118 -0.176824 2.713591 0.042951 0.979941 -0.194602 81.779877 0.188479 0.183337 0.964812 43.192005 0.000000 0.000000 0.000000 1.000000
0.975231 -0.087347 -0.203212 3.027201 0.041292 0.974468 -0.220697 80.018471 0.217301 0.206839 0.953938 48.254517 0.000000 0.000000 0.000000 1.000000
0.973248 -0.096614 -0.208454 3.305103 0.047688 0.972476 -0.228070 78.718948 0.224752 0.212028 0.951068 52.937805 0.000000 0.000000 0.000000 1.000000
0.974569 -0.100678 -0.200200 3.644526 0.055989 0.974456 -0.217487 78.211014 0.216982 0.200747 0.955311 57.396698 0.000000 0.000000 0.000000 1.000000
0.976705 -0.101128 -0.189265 3.962291 0.062145 0.977496 -0.201594 78.585335 0.205392 0.185135 0.961009 61.558514 0.000000 0.000000 0.000000 1.000000
0.978908 -0.097875 -0.179331 4.200398 0.062788 0.979422 -0.191808 79.785370 0.194413 0.176502 0.964910 65.545067 0.000000 0.000000 0.000000 1.000000
0.981995 -0.088598 -0.166844 4.518787 0.056550 0.980566 -0.187864 81.618050 0.180246 0.175046 0.967921 69.527840 0.000000 0.000000 0.000000 1.000000
0.986111 -0.070752 -0.150261 4.951925 0.042793 0.982414 -0.181745 83.783295 0.160477 0.172791 0.971798 73.631538 0.000000 0.000000 0.000000 1.000000
0.989983 -0.044292 -0.134059 5.483389 0.021230 0.985422 -0.168797 85.986053 0.139581 0.164260 0.976492 77.912582 0.000000 0.000000 0.000000 1.000000
0.992341 -0.013821 -0.122752 6.059751 -0.005122 0.988263 -0.152677 88.014191 0.123421 0.152137 0.980623 82.358047 0.000000 0.000000 0.000000 1.000000
0.993367 0.014327 -0.114094 6.625896 -0.030500 0.989498 -0.141292 89.715958 0.110872 0.143835 0.983371 86.906906 0.000000 0.000000 0.000000 1.000000
0.994233 0.034550 -0.101524 7.126030 -0.047954 0.989994 -0.132709 91.052513 0.095923 0.136813 0.985942 91.426506 0.000000 0.000000 0.000000 1.000000
0.995511 0.046996 -0.082153 7.563414 -0.057256 0.990202 -0.127364 91.869537 0.075362 0.131496 0.988448 95.856384 0.000000 0.000000 0.000000 1.000000
0.996739 0.054681 -0.059334 7.912176 -0.061701 0.990390 -0.123773 92.242729 0.051996 0.127030 0.990535 100.263977 0.000000 0.000000 0.000000 1.000000
0.997604 0.059533 -0.035247 8.186188 -0.063389 0.990639 -0.120896 92.141327 0.027720 0.122840 0.992039 104.700981 0.000000 0.000000 0.000000 1.000000
0.998013 0.062024 -0.011102 8.402682 -0.062905 0.990948 -0.118599 91.415466 0.003645 0.119061 0.992880 109.074959 0.000000 0.000000 0.000000 1.000000
0.998022 0.061762 0.011698 8.570281 -0.059980 0.991349 -0.116744 89.888397 -0.018807 0.115811 0.993093 113.217934 0.000000 0.000000 0.000000 1.000000
0.997859 0.056990 0.032083 8.669293 -0.052939 0.991905 -0.115417 87.484612 -0.038401 0.113471 0.992799 117.088882 0.000000 0.000000 0.000000 1.000000
0.997788 0.047867 0.046137 8.511330 -0.042161 0.992169 -0.117571 84.886452 -0.051403 0.115366 0.991992 120.849892 0.000000 0.000000 0.000000 1.000000
0.997573 0.037392 0.058736 8.216259 -0.030039 0.992146 -0.121425 82.286125 -0.062815 0.119366 0.990861 124.600266 0.000000 0.000000 0.000000 1.000000
0.997194 0.026627 0.069971 7.798821 -0.017546 0.991705 -0.127334 79.915855 -0.072781 0.125749 0.989389 128.404053 0.000000 0.000000 0.000000 1.000000
0.996741 0.020153 0.078106 7.231463 -0.009194 0.990360 -0.138209 78.477737 -0.080139 0.137041 0.987318 132.030807 0.000000 0.000000 0.000000 1.000000
0.996133 0.016557 0.086283 6.630910 -0.003266 0.988382 -0.151957 78.022438 -0.087796 0.151087 0.984614 135.409027 0.000000 0.000000 0.000000 1.000000
0.995431 0.013617 0.094508 6.123267 0.002040 0.986520 -0.163627 78.394585 -0.095462 0.163072 0.981985 138.610413 0.000000 0.000000 0.000000 1.000000
0.994802 0.009608 0.101376 5.675374 0.007908 0.985244 -0.170975 79.554253 -0.101523 0.170888 0.980046 141.805862 0.000000 0.000000 0.000000 1.000000
0.994100 0.002505 0.108439 5.231953 0.016569 0.984493 -0.174639 81.315567 -0.107195 0.175405 0.978643 145.147995 0.000000 0.000000 0.000000 1.000000
0.993330 -0.008062 0.115023 4.758440 0.028369 0.983976 -0.176030 83.372360 -0.111761 0.178119 0.977642 148.673111 0.000000 0.000000 0.000000 1.000000
0.992667 -0.022164 0.118832 4.251860 0.042945 0.983579 -0.175292 85.465721 -0.112996 0.179109 0.977319 152.314346 0.000000 0.000000 0.000000 1.000000
0.991948 -0.036228 0.121357 3.757077 0.056843 0.983633 -0.170982 87.417229 -0.113177 0.176504 0.977772 155.999573 0.000000 0.000000 0.000000 1.000000
0.991421 -0.050617 0.120505 3.284048 0.070054 0.984141 -0.162967 89.080261 -0.110345 0.170010 0.979245 159.711777 0.000000 0.000000 0.000000 1.000000
0.991139 -0.066566 0.114947 2.829075 0.082776 0.986319 -0.142562 90.382889 -0.103885 0.150813 0.983089 163.369019 0.000000 0.000000 0.000000 1.000000
0.990909 -0.081700 0.106890 2.413213 0.094220 0.988548 -0.117876 91.264191 -0.096036 0.126875 0.987259 166.992386 0.000000 0.000000 0.000000 1.000000</float_array><technique_common><accessor source="#Hips-Matrix-animation-output-transform-array" count="43" stride="16"><param type="float4x4"/></accessor></technique_common></source><source id="Hips-Interpolations"><Name_array id="Hips-Interpolations-array" count="43">
 LINEAR LINEAR LINEAR LINEAR LINEAR LINEAR LINEAR LINEAR LINEAR LINEAR LINEAR
LINEAR LINEAR LINEAR LINEAR LINEAR LINEAR LINEAR LINEAR LINEAR LINEAR LINEAR LINEAR
LINEAR LINEAR LINEAR LINEAR LINEAR LINEAR LINEAR LINEAR LINEAR LINEAR LINEAR LINEAR
LINEAR LINEAR LINEAR LINEAR LINEAR LINEAR LINEAR LINEAR</Name_array><technique_common><accessor source="#Hips-Interpolations-array" count="43"><param type="name"/></accessor></technique_common></source><sampler id="Hips-Matrix-animation-transform"><input semantic="INPUT" source="#Hips-Matrix-animation-input"/><input semantic="OUTPUT" source="#Hips-Matrix-animation-output-transform"/><input semantic="INTERPOLATION" source="#Hips-Interpolations"/></sampler><channel source="#Hips-Matrix-animation-transform" target="Hips/matrix"/></animation>
    <animation id="Spine-anim" name="Spine"><source id="Spine-Matrix-animation-input"><float_array id="Spine-Matrix-animation-input-array" count="43">

0.000000 0.033333 0.066667 0.100000 0.133333 0.166667 0.200000 0.233333 0.266667 0.300000 0.333333 0.366667 0.400000 0.433333 0.466667 0.500000
0.533333 0.566667 0.600000 0.633333 0.666667 0.700000 0.733333 0.766667 0.800000 0.833333 0.866667 0.900000 0.933333 0.966667 1.000000 1.033333
1.066667 1.100000 1.133333 1.166667 1.200000 1.233333 1.266667 1.300000 1.333333 1.366667 1.400000</float_array><technique_common><accessor source="#Spine-Matrix-animation-input-array" count="43"><param name="TIME" type="float"/></accessor></technique_common></source><source id="Spine-Matrix-animation-output-transform"><float_array id="Spine-Matrix-animation-output-transform-array" count="688">

0.999693 -0.005710 0.024107 0.000000 0.007990 0.995391 -0.095563 13.663900 -0.023450 0.095726 0.995131 -1.184000 0.000000 0.000000 0.000000 1.000000
0.999428 0.001456 0.033778 0.000000 0.001907 0.995054 -0.099317 13.663900 -0.033755 0.099325 0.994482 -1.184000 0.000000 0.000000 0.000000 1.000000
0.999105 0.006678 0.041779 0.000000 -0.002363 0.994732 -0.102487 13.663900 -0.042244 0.102296 0.993857 -1.184000 0.000000 0.000000 0.000000 1.000000
0.998755 0.010681 0.048726 -0.000000 -0.005557 0.994551 -0.104106 13.663900 -0.049572 0.103706 0.993372 -1.184000 0.000000 0.000000 0.000000 1.000000
0.998386 0.014653 0.054863 -0.000000 -0.008847 0.994474 -0.104607 13.663900 -0.056093 0.103952 0.992999 -1.184000 0.000000 0.000000 0.000000 1.000000
0.998006 0.019327 0.060081 0.000000 -0.012950 0.994412 -0.104768 13.663900 -0.061770 0.103781 0.992680 -1.184000 0.000000 0.000000 0.000000 1.000000
0.997632 0.023323 0.064697 0.000000 -0.016442 0.994344 -0.104923 13.663900 -0.066778 0.103611 0.992374 -1.184000 0.000000 0.000000 0.000000 1.000000
0.997284 0.024627 0.069411 -0.000000 -0.017232 0.994304 -0.105178 13.663900 -0.071606 0.103697 0.992028 -1.184000 0.000000 0.000000 0.000000 1.000000
0.996919 0.024457 0.074521 -0.000000 -0.016479 0.994245 -0.105858 13.663900 -0.076681 0.104304 0.991585 -1.184000 0.000000 0.000000 0.000000 1.000000
0.996553 0.026387 0.078645 0.000000 -0.017871 0.994089 -0.107085 13.663900 -0.081005 0.105310 0.991135 -1.184000 0.000000 0.000000 0.000000 1.000000
0.996145 0.031326 0.081939 -0.000000 -0.022375 0.993903 -0.107968 13.663900 -0.084821 0.105718 0.990772 -1.184000 0.000000 0.000000 0.000000 1.000000
0.995726 0.037892 0.084229 0.000000 -0.028720 0.993784 -0.107553 13.663900 -0.087781 0.104674 0.990625 -1.184000 0.000000 0.000000 0.000000 1.000000
0.995572 0.041428 0.084385 0.000000 -0.032350 0.993814 -0.106238 13.663900 -0.088265 0.103037 0.990754 -1.184000 0.000000 0.000000 0.000000 1.000000
0.995873 0.042244 0.080329 0.000000 -0.033612 0.993806 -0.105925 13.663900 -0.084306 0.102788 0.991124 -1.184000 0.000000 0.000000 0.000000 1.000000
0.996545 0.040530 0.072494 0.000000 -0.032628 0.993719 -0.107039 13.663900 -0.076377 0.104304 0.991608 -1.184000 0.000000 0.000000 0.000000 1.000000
0.997312 0.039681 0.061590 0.000000 -0.032873 0.993622 -0.107863 13.663900 -0.065477 0.105548 0.992256 -1.184000 0.000000 0.000000 0.000000 1.000000
0.998063 0.038760 0.048655 -0.000000 -0.033391 0.993732 -0.106686 13.663900 -0.052486 0.104855 0.993102 -1.184000 0.000000 0.000000 0.000000 1.000000
0.998776 0.035815 0.034125 0.000000 -0.032091 0.994056 -0.104031 13.663900 -0.037648 0.102808 0.993988 -1.184000 0.000000 0.000000 0.000000 1.000000
0.999354 0.030642 0.018776 0.000000 -0.028585 0.994430 -0.101448 13.663900 -0.021780 0.100846 0.994664 -1.184000 0.000000 0.000000 0.000000 1.000000
0.999689 0.024649 0.003774 -0.000000 -0.024153 0.994760 -0.099342 13.663900 -0.006203 0.099219 0.995046 -1.184000 0.000000 0.000000 0.000000 1.000000
0.999750 0.019840 -0.010268 0.000000 -0.020743 0.995069 -0.096991 13.663900 0.008294 0.097180 0.995232 -1.184000 0.000000 0.000000 0.000000 1.000000
0.999600 0.015793 -0.023469 -0.000000 -0.017932 0.995421 -0.093895 13.663900 0.021879 0.094278 0.995305 -1.184000 0.000000 0.000000 0.000000 1.000000
0.999283 0.011574 -0.036057 0.000000 -0.014799 0.995788 -0.090489 13.663900 0.034858 0.090957 0.995245 -1.184000 0.000000 0.000000 0.000000 1.000000
0.998868 0.004616 -0.047352 -0.000000 -0.008906 0.995830 -0.090789 13.663900 0.046735 0.091108 0.994744 -1.184000 0.000000 0.000000 0.000000 1.000000
0.998396 -0.003249 -0.056521 0.000000 -0.001997 0.995709 -0.092521 13.663900 0.056579 0.092486 0.994105 -1.184000 0.000000 0.000000 0.000000 1.000000
0.998010 -0.012677 -0.061762 0.000000 0.006751 0.995433 -0.095227 13.663900 0.062688 0.094621 0.993538 -1.184000 0.000000 0.000000 0.000000 1.000000
0.997714 -0.022916 -0.063566 0.000000 0.016578 0.995000 -0.098493 13.663900 0.065505 0.097214 0.993105 -1.184000 0.000000 0.000000 0.000000 1.000000
0.997417 -0.032579 -0.064014 0.000000 0.025946 0.994462 -0.101842 13.663900 0.066977 0.099918 0.992739 -1.184000 0.000000 0.000000 0.000000 1.000000
0.997145 -0.039748 -0.064195 0.000000 0.032875 0.993951 -0.104791 13.663900 0.067972 0.102381 0.992420 -1.184000 0.000000 0.000000 0.000000 1.000000
0.997019 -0.041731 -0.064903 0.000000 0.034663 0.993714 -0.106449 13.663900 0.068937 0.103881 0.992198 -1.184000 0.000000 0.000000 0.000000 1.000000
0.996938 -0.041431 -0.066320 -0.000000 0.034121 0.993588 -0.107791 13.663900 0.070360 0.105198 0.991959 -1.184000 0.000000 0.000000 0.000000 1.000000
0.996911 -0.039589 -0.067834 0.000000 0.032031 0.993516 -0.109089 13.663900 0.071712 0.106579 0.991715 -1.184000 0.000000 0.000000 0.000000 1.000000
0.996990 -0.038382 -0.067361 -0.000000 0.030760 0.993371 -0.110758 13.663900 0.071165 0.108353 0.991562 -1.184000 0.000000 0.000000 0.000000 1.000000
0.997133 -0.038536 -0.065126 0.000000 0.031012 0.993129 -0.112842 13.663900 0.069027 0.110499 0.991476 -1.184000 0.000000 0.000000 0.000000 1.000000
0.997383 -0.040044 -0.060195 0.000000 0.032934 0.992844 -0.114784 13.663900 0.064361 0.112501 0.991565 -1.184000 0.000000 0.000000 0.000000 1.000000
0.997821 -0.041582 -0.051231 0.000000 0.035403 0.992606 -0.116106 13.663900 0.055680 0.114039 0.991915 -1.184000 0.000000 0.000000 0.000000 1.000000
0.998313 -0.041969 -0.040125 0.000000 0.037069 0.992570 -0.115892 13.663900 0.044691 0.114209 0.992451 -1.184000 0.000000 0.000000 0.000000 1.000000
0.998766 -0.040126 -0.029279 0.000000 0.036551 0.992830 -0.113810 13.663900 0.033636 0.112599 0.993071 -1.184000 0.000000 0.000000 0.000000 1.000000
0.999156 -0.036120 -0.019539 0.000000 0.033787 0.993488 -0.108814 13.663900 0.023342 0.108062 0.993870 -1.184000 0.000000 0.000000 0.000000 1.000000
0.999556 -0.028125 -0.009882 0.000000 0.026976 0.994448 -0.101716 13.663900 0.012688 0.101405 0.994764 -1.184000 0.000000 0.000000 0.000000 1.000000
0.999771 -0.021386 0.001016 0.000000 0.021385 0.995177 -0.095736 13.663900 0.001037 0.095736 0.995406 -1.184000 0.000000 0.000000 0.000000 1.000000
0.999821 -0.013913 0.012847 0.000000 0.015056 0.995492 -0.093640 13.663900 -0.011486 0.093816 0.995523 -1.184000 0.000000 0.000000 0.000000 1.000000
0.999691 -0.005702 0.024181 0.000000 0.007989 0.995390 -0.095573 13.663900 -0.023524 0.095736 0.995129 -1.184000 0.000000 0.000000 0.000000 1.000000</float_array><technique_common><accessor source="#Spine-Matrix-animation-output-transform-array" count="43" stride="16"><param type="float4x4"/></accessor></technique_common></source><source id="Spine-Interpolations"><Name_array id="Spine-Interpolations-array" count="43">
 LINEAR LINEAR LINEAR LINEAR LINEAR LINEAR LINEAR LINEAR LINEAR LINEAR LINEAR
LINEAR LINEAR LINEAR LINEAR LINEAR LINEAR LINEAR LINEAR LINEAR LINEAR LINEAR LINEAR
LINEAR LINEAR LINEAR LINEAR LINEAR LINEAR LINEAR LINEAR LINEAR LINEAR LINEAR LINEAR
LINEAR LINEAR LINEAR LINEAR LINEAR LINEAR LINEAR LINEAR</Name_array><technique_common><accessor source="#Spine-Interpolations-array" count="43"><param type="name"/></accessor></technique_common></source><sampler id="Spine-Matrix-animation-transform"><input semantic="INPUT" source="#Spine-Matrix-animation-input"/><input semantic="OUTPUT" source="#Spine-Matrix-animation-output-transform"/><input semantic="INTERPOLATION" source="#Spine-Interpolations"/></sampler><channel source="#Spine-Matrix-animation-transform" target="Spine/matrix"/></animation>
    <animation id="Spine1-anim" name="Spine1"><source id="Spine1-Matrix-animation-input"><float_array id="Spine1-Matrix-animation-input-array" count="43">

0.000000 0.033333 0.066667 0.100000 0.133333 0.166667 0.200000 0.233333 0.266667 0.300000 0.333333 0.366667 0.400000 0.433333 0.466667 0.500000
0.533333 0.566667 0.600000 0.633333 0.666667 0.700000 0.733333 0.766667 0.800000 0.833333 0.866667 0.900000 0.933333 0.966667 1.000000 1.033333
1.066667 1.100000 1.133333 1.166667 1.200000 1.233333 1.266667 1.300000 1.333333 1.366667 1.400000</float_array><technique_common><accessor source="#Spine1-Matrix-animation-input-array" count="43"><param name="TIME" type="float"/></accessor></technique_common></source><source id="Spine1-Matrix-animation-output-transform"><float_array id="Spine1-Matrix-animation-output-transform-array" count="688">

0.998504 0.037618 0.039688 0.000000 -0.029556 0.981895 -0.187106 15.941200 -0.046008 0.185653 0.981538 -1.381300 0.000000 0.000000 0.000000 1.000000
0.996908 0.051249 0.059570 -0.000000 -0.038684 0.979908 -0.195663 15.941200 -0.068401 0.192754 0.978860 -1.381300 0.000000 0.000000 0.000000 1.000000
0.995315 0.060592 0.075340 0.000000 -0.044178 0.978171 -0.203053 15.941200 -0.085999 0.198773 0.976265 -1.381300 0.000000 0.000000 0.000000 1.000000
0.993847 0.066199 0.088804 0.000000 -0.046561 0.977161 -0.207337 15.941200 -0.100501 0.201927 0.974231 -1.381300 0.000000 0.000000 0.000000 1.000000
0.992446 0.069506 0.101091 0.000000 -0.047086 0.976720 -0.209288 15.941200 -0.113285 0.202947 0.972615 -1.381300 0.000000 0.000000 0.000000 1.000000
0.991146 0.071786 0.111695 0.000000 -0.046998 0.976460 -0.210517 15.941200 -0.124178 0.203404 0.971188 -1.381300 0.000000 0.000000 0.000000 1.000000
0.990046 0.074083 0.119672 -0.000000 -0.047378 0.976061 -0.212273 15.941200 -0.132532 0.204490 0.969855 -1.381300 0.000000 0.000000 0.000000 1.000000
0.989110 0.077156 0.125333 0.000000 -0.048800 0.975328 -0.215297 15.941200 -0.138852 0.206837 0.968472 -1.381300 0.000000 0.000000 0.000000 1.000000
0.988095 0.081486 0.130493 -0.000000 -0.051368 0.974276 -0.219425 15.941200 -0.145016 0.210109 0.966863 -1.381300 0.000000 0.000000 0.000000 1.000000
0.986728 0.087814 0.136586 -0.000000 -0.055747 0.973228 -0.222978 15.941200 -0.152510 0.212404 0.965207 -1.381300 0.000000 0.000000 0.000000 1.000000
0.985030 0.097228 0.142347 0.000000 -0.063666 0.972569 -0.223732 15.941200 -0.160195 0.211320 0.964200 -1.381300 0.000000 0.000000 0.000000 1.000000
0.983483 0.109475 0.144138 -0.000000 -0.075739 0.972189 -0.221612 15.941200 -0.164390 0.207035 0.964423 -1.381300 0.000000 0.000000 0.000000 1.000000
0.982756 0.121464 0.139414 0.000000 -0.088939 0.971549 -0.219506 15.941200 -0.162110 0.203321 0.965599 -1.381300 0.000000 0.000000 0.000000 1.000000
0.983211 0.128670 0.129386 0.000000 -0.098033 0.970519 -0.220185 15.941200 -0.153903 0.203804 0.966839 -1.381300 0.000000 0.000000 0.000000 1.000000
0.984766 0.128347 0.117312 0.000000 -0.099878 0.969783 -0.222587 15.941200 -0.142336 0.207480 0.967829 -1.381300 0.000000 0.000000 0.000000 1.000000
0.987183 0.120782 0.104312 0.000000 -0.095206 0.970279 -0.222476 15.941200 -0.128083 0.209693 0.969342 -1.381300 0.000000 0.000000 0.000000 1.000000
0.990252 0.107496 0.088573 0.000000 -0.086092 0.972263 -0.217467 15.941200 -0.109493 0.207722 0.972041 -1.381300 0.000000 0.000000 0.000000 1.000000
0.993714 0.089173 0.067685 -0.000000 -0.073234 0.975074 -0.209444 15.941200 -0.084674 0.203171 0.975475 -1.381300 0.000000 0.000000 0.000000 1.000000
0.996946 0.066117 0.041567 -0.000000 -0.056438 0.977814 -0.201730 15.941200 -0.053983 0.198768 0.978559 -1.381300 0.000000 0.000000 0.000000 1.000000
0.999123 0.039871 0.012807 0.000000 -0.036525 0.979273 -0.199227 15.941200 -0.020484 0.198584 0.979870 -1.381300 0.000000 0.000000 0.000000 1.000000
0.999790 0.013304 -0.015588 0.000000 -0.016135 0.979983 -0.198428 15.941200 0.012636 0.198638 0.979992 -1.381300 0.000000 0.000000 0.000000 1.000000
0.999061 -0.010833 -0.041950 0.000000 0.002280 0.980042 -0.198776 15.941200 0.043266 0.198493 0.979147 -1.381300 0.000000 0.000000 0.000000 1.000000
0.997354 -0.031134 -0.065697 0.000000 0.017427 0.979698 -0.199718 15.941200 0.070582 0.198045 0.977648 -1.381300 0.000000 0.000000 0.000000 1.000000
0.995162 -0.047525 -0.085987 0.000000 0.029423 0.979213 -0.200689 15.941200 0.093738 0.197188 0.975874 -1.381300 0.000000 0.000000 0.000000 1.000000
0.992987 -0.060453 -0.101597 -0.000000 0.038967 0.978712 -0.201504 15.941200 0.111615 0.196132 0.974204 -1.381300 0.000000 0.000000 0.000000 1.000000
0.991287 -0.069128 -0.112125 0.000000 0.045220 0.978086 -0.203229 15.941200 0.123716 0.196388 0.972690 -1.381300 0.000000 0.000000 0.000000 1.000000
0.990086 -0.075446 -0.118483 0.000000 0.049859 0.977345 -0.205697 15.941200 0.131318 0.197751 0.971417 -1.381300 0.000000 0.000000 0.000000 1.000000
0.989281 -0.080687 -0.121707 0.000000 0.054000 0.976537 -0.208471 15.941200 0.135672 0.199664 0.970426 -1.381300 0.000000 0.000000 0.000000 1.000000
0.988719 -0.084689 -0.123539 0.000000 0.057206 0.975790 -0.211093 15.941200 0.138426 0.201645 0.969628 -1.381300 0.000000 0.000000 0.000000 1.000000
0.988526 -0.086411 -0.123891 0.000000 0.058564 0.975302 -0.212968 15.941200 0.139234 0.203269 0.969173 -1.381300 0.000000 0.000000 0.000000 1.000000
0.988497 -0.087289 -0.123504 0.000000 0.059236 0.974842 -0.214883 15.941200 0.139154 0.205095 0.968799 -1.381300 0.000000 0.000000 0.000000 1.000000
0.988663 -0.087313 -0.122158 0.000000 0.059208 0.974325 -0.217222 15.941200 0.137988 0.207527 0.968448 -1.381300 0.000000 0.000000 0.000000 1.000000
0.989303 -0.085312 -0.118327 0.000000 0.057529 0.973587 -0.220950 15.941200 0.134052 0.211779 0.968080 -1.381300 0.000000 0.000000 0.000000 1.000000
0.990403 -0.080709 -0.112196 0.000000 0.053740 0.972784 -0.225395 15.941200 0.127334 0.217202 0.967786 -1.381300 0.000000 0.000000 0.000000 1.000000
0.991703 -0.074171 -0.104990 -0.000000 0.048562 0.972389 -0.228256 15.941200 0.119021 0.221264 0.967924 -1.381300 0.000000 0.000000 0.000000 1.000000
0.993334 -0.065795 -0.094651 -0.000000 0.042827 0.972977 -0.226894 15.941200 0.107022 0.221328 0.969309 -1.381300 0.000000 0.000000 0.000000 1.000000
0.995103 -0.055733 -0.081635 0.000000 0.036115 0.973786 -0.224582 15.941200 0.092011 0.220534 0.971030 -1.381300 0.000000 0.000000 0.000000 1.000000
0.996777 -0.044107 -0.067012 0.000000 0.028333 0.975020 -0.220304 15.941200 0.075055 0.217695 0.973127 -1.381300 0.000000 0.000000 0.000000 1.000000
0.998218 -0.030990 -0.051003 0.000000 0.019593 0.977414 -0.210426 15.941200 0.056372 0.209051 0.976279 -1.381300 0.000000 0.000000 0.000000 1.000000
0.999411 -0.011782 -0.032237 0.000000 0.005214 0.980457 -0.196664 15.941200 0.033924 0.196381 0.979941 -1.381300 0.000000 0.000000 0.000000 1.000000
0.999943 0.004778 -0.009521 0.000000 -0.006461 0.982634 -0.185441 15.941200 0.008470 0.185492 0.982609 -1.381300 0.000000 0.000000 0.000000 1.000000
0.999650 0.021293 0.015691 0.000000 -0.018080 0.983094 -0.182208 15.941200 -0.019306 0.181861 0.983135 -1.381300 0.000000 0.000000 0.000000 1.000000
0.998504 0.037610 0.039688 -0.000000 -0.029547 0.981893 -0.187116 15.941200 -0.046007 0.185663 0.981536 -1.381300 0.000000 0.000000 0.000000 1.000000</float_array><technique_common><accessor source="#Spine1-Matrix-animation-output-transform-array" count="43" stride="16"><param type="float4x4"/></accessor></technique_common></source><source id="Spine1-Interpolations"><Name_array id="Spine1-Interpolations-array" count="43">
 LINEAR LINEAR LINEAR LINEAR LINEAR LINEAR LINEAR LINEAR LINEAR LINEAR LINEAR
LINEAR LINEAR LINEAR LINEAR LINEAR LINEAR LINEAR LINEAR LINEAR LINEAR LINEAR LINEAR
LINEAR LINEAR LINEAR LINEAR LINEAR LINEAR LINEAR LINEAR LINEAR LINEAR LINEAR LINEAR
LINEAR LINEAR LINEAR LINEAR LINEAR LINEAR LINEAR LINEAR</Name_array><technique_common><accessor source="#Spine1-Interpolations-array" count="43"><param type="name"/></accessor></technique_common></source><sampler id="Spine1-Matrix-animation-transform"><input semantic="INPUT" source="#Spine1-Matrix-animation-input"/><input semantic="OUTPUT" source="#Spine1-Matrix-animation-output-transform"/><input semantic="INTERPOLATION" source="#Spine1-Interpolations"/></sampler><channel source="#Spine1-Matrix-animation-transform" target="Spine1/matrix"/></animation>
    <animation id="Spine2-anim" name="Spine2"><source id="Spine2-Matrix-animation-input"><float_array id="Spine2-Matrix-animation-input-array" count="43">

0.000000 0.033333 0.066667 0.100000 0.133333 0.166667 0.200000 0.233333 0.266667 0.300000 0.333333 0.366667 0.400000 0.433333 0.466667 0.500000
0.533333 0.566667 0.600000 0.633333 0.666667 0.700000 0.733333 0.766667 0.800000 0.833333 0.866667 0.900000 0.933333 0.966667 1.000000 1.033333
1.066667 1.100000 1.133333 1.166667 1.200000 1.233333 1.266667 1.300000 1.333333 1.366667 1.400000</float_array><technique_common><accessor source="#Spine2-Matrix-animation-input-array" count="43"><param name="TIME" type="float"/></accessor></technique_common></source><source id="Spine2-Matrix-animation-output-transform"><float_array id="Spine2-Matrix-animation-output-transform-array" count="688">

0.998506 0.037418 0.039808 0.000000 -0.029336 0.981900 -0.187116 11.776900 -0.046089 0.185669 0.981531 -1.578600 0.000000 0.000000 0.000000 1.000000
0.996910 0.050976 0.059759 -0.000000 -0.038378 0.979919 -0.195668 11.776900 -0.068533 0.192770 0.978848 -1.578600 0.000000 0.000000 0.000000 1.000000
0.995314 0.060300 0.075590 -0.000000 -0.043842 0.978189 -0.203036 11.776900 -0.086184 0.198771 0.976249 -1.578600 0.000000 0.000000 0.000000 1.000000
0.993840 0.065923 0.089084 0.000000 -0.046238 0.977185 -0.207294 11.776900 -0.100717 0.201898 0.974214 -1.578600 0.000000 0.000000 0.000000 1.000000
0.992436 0.069270 0.101352 -0.000000 -0.046807 0.976745 -0.209231 11.776900 -0.113488 0.202905 0.972600 -1.578600 0.000000 0.000000 0.000000 1.000000
0.991136 0.071630 0.111888 0.000000 -0.046812 0.976480 -0.210463 11.776900 -0.124332 0.203360 0.971178 -1.578600 0.000000 0.000000 0.000000 1.000000
0.990031 0.074102 0.119778 0.000000 -0.047383 0.976074 -0.212212 11.776900 -0.132638 0.204421 0.969855 -1.578600 0.000000 0.000000 0.000000 1.000000
0.989082 0.077472 0.125358 0.000000 -0.049122 0.975336 -0.215191 11.776900 -0.138938 0.206684 0.968493 -1.578600 0.000000 0.000000 0.000000 1.000000
0.988049 0.082121 0.130444 0.000000 -0.052030 0.974278 -0.219259 11.776900 -0.145095 0.209852 0.966907 -1.578600 0.000000 0.000000 0.000000 1.000000
0.986676 0.088574 0.136476 -0.000000 -0.056548 0.973222 -0.222803 11.776900 -0.152556 0.212117 0.965263 -1.578600 0.000000 0.000000 0.000000 1.000000
0.984994 0.097820 0.142192 0.000000 -0.064301 0.972551 -0.223629 11.776900 -0.160164 0.211130 0.964247 -1.578600 0.000000 0.000000 0.000000 1.000000
0.983470 0.109805 0.143975 -0.000000 -0.076105 0.972168 -0.221580 11.776900 -0.164299 0.206961 0.964455 -1.578600 0.000000 0.000000 0.000000 1.000000
0.982739 0.121727 0.139305 0.000000 -0.089234 0.971537 -0.219437 11.776900 -0.162051 0.203218 0.965630 -1.578600 0.000000 0.000000 0.000000 1.000000
0.983160 0.129063 0.129382 0.000000 -0.098455 0.970523 -0.219981 11.776900 -0.153960 0.203538 0.966886 -1.578600 0.000000 0.000000 0.000000 1.000000
0.984686 0.128839 0.117451 0.000000 -0.100381 0.969805 -0.222265 11.776900 -0.142541 0.207072 0.967886 -1.578600 0.000000 0.000000 0.000000 1.000000
0.987100 0.121193 0.104620 0.000000 -0.095589 0.970319 -0.222135 11.776900 -0.128436 0.209269 0.969387 -1.578600 0.000000 0.000000 0.000000 1.000000
0.990181 0.107740 0.089066 0.000000 -0.086262 0.972315 -0.217170 11.776900 -0.109998 0.207354 0.972062 -1.578600 0.000000 0.000000 0.000000 1.000000
0.993658 0.089290 0.068342 -0.000000 -0.073235 0.975124 -0.209212 11.776900 -0.085323 0.202880 0.975479 -1.578600 0.000000 0.000000 0.000000 1.000000
0.996911 0.066189 0.042286 0.000000 -0.056372 0.977847 -0.201585 11.776900 -0.054692 0.198579 0.978558 -1.578600 0.000000 0.000000 0.000000 1.000000
0.999111 0.039977 0.013409 0.000000 -0.036508 0.979262 -0.199282 11.776900 -0.021097 0.198616 0.979850 -1.578600 0.000000 0.000000 0.000000 1.000000
0.999792 0.013486 -0.015268 -0.000000 -0.016252 0.979915 -0.198752 11.776900 0.012281 0.198959 0.979931 -1.578600 0.000000 0.000000 0.000000 1.000000
0.999063 -0.010581 -0.041969 0.000000 0.002002 0.979920 -0.199380 11.776900 0.043236 0.199109 0.979023 -1.578600 0.000000 0.000000 0.000000 1.000000
0.997343 -0.030863 -0.065990 0.000000 0.017042 0.979533 -0.200560 11.776900 0.070830 0.198902 0.977456 -1.578600 0.000000 0.000000 0.000000 1.000000
0.995133 -0.047324 -0.086432 0.000000 0.029042 0.979022 -0.201676 11.776900 0.094163 0.198184 0.975631 -1.578600 0.000000 0.000000 0.000000 1.000000
0.992942 -0.060404 -0.102068 0.000000 0.038710 0.978515 -0.202510 11.776900 0.112108 0.197129 0.973947 -1.578600 0.000000 0.000000 0.000000 1.000000
0.991235 -0.069191 -0.112541 0.000000 0.045084 0.977905 -0.204129 11.776900 0.124179 0.197266 0.972454 -1.578600 0.000000 0.000000 0.000000 1.000000
0.990044 -0.075479 -0.118813 0.000000 0.049729 0.977202 -0.206407 11.776900 0.131684 0.198444 0.971226 -1.578600 0.000000 0.000000 0.000000 1.000000
0.989253 -0.080632 -0.121971 0.000000 0.053826 0.976444 -0.208949 11.776900 0.135946 0.200139 0.970290 -1.578600 0.000000 0.000000 0.000000 1.000000
0.988708 -0.084518 -0.123749 0.000000 0.056958 0.975749 -0.211350 11.776900 0.138611 0.201915 0.969545 -1.578600 0.000000 0.000000 0.000000 1.000000
0.988529 -0.086144 -0.124056 -0.000000 0.058241 0.975284 -0.213141 11.776900 0.139350 0.203471 0.969114 -1.578600 0.000000 0.000000 0.000000 1.000000
0.988515 -0.086927 -0.123620 0.000000 0.058834 0.974835 -0.215024 11.776900 0.139200 0.205281 0.968753 -1.578600 0.000000 0.000000 0.000000 1.000000
0.988697 -0.086855 -0.122209 0.000000 0.058723 0.974320 -0.217376 11.776900 0.137950 0.207742 0.968407 -1.578600 0.000000 0.000000 0.000000 1.000000
0.989355 -0.084797 -0.118259 0.000000 0.057007 0.973567 -0.221175 11.776900 0.133888 0.212079 0.968037 -1.578600 0.000000 0.000000 0.000000 1.000000
0.990469 -0.080180 -0.111996 0.000000 0.053223 0.972740 -0.225709 11.776900 0.127040 0.217597 0.967736 -1.578600 0.000000 0.000000 0.000000 1.000000
0.991767 -0.073659 -0.104748 0.000000 0.048070 0.972330 -0.228611 11.776900 0.118689 0.221694 0.967866 -1.578600 0.000000 0.000000 0.000000 1.000000
0.993383 -0.065327 -0.094456 0.000000 0.042379 0.972928 -0.227192 11.776900 0.106741 0.221685 0.969258 -1.578600 0.000000 0.000000 0.000000 1.000000
0.995135 -0.055321 -0.081523 0.000000 0.035719 0.973758 -0.224767 11.776900 0.091818 0.220762 0.970996 -1.578600 0.000000 0.000000 0.000000 1.000000
0.996794 -0.043745 -0.066986 0.000000 0.027978 0.975010 -0.220392 11.776900 0.074953 0.217812 0.973108 -1.578600 0.000000 0.000000 0.000000 1.000000
0.998226 -0.030676 -0.051033 0.000000 0.019277 0.977414 -0.210455 11.776900 0.056336 0.209098 0.976271 -1.578600 0.000000 0.000000 0.000000 1.000000
0.999413 -0.011571 -0.032250 0.000000 0.005005 0.980457 -0.196671 11.776900 0.033895 0.196394 0.979939 -1.578600 0.000000 0.000000 0.000000 1.000000
0.999943 0.004853 -0.009507 -0.000000 -0.006532 0.982634 -0.185441 11.776900 0.008442 0.185493 0.982609 -1.578600 0.000000 0.000000 0.000000 1.000000
0.999651 0.021218 0.015750 0.000000 -0.017995 0.983094 -0.182213 11.776900 -0.019350 0.181866 0.983133 -1.578600 0.000000 0.000000 0.000000 1.000000
0.998507 0.037410 0.039810 0.000000 -0.029327 0.981898 -0.187126 11.776900 -0.046090 0.185679 0.981529 -1.578600 0.000000 0.000000 0.000000 1.000000</float_array><technique_common><accessor source="#Spine2-Matrix-animation-output-transform-array" count="43" stride="16"><param type="float4x4"/></accessor></technique_common></source><source id="Spine2-Interpolations"><Name_array id="Spine2-Interpolations-array" count="43">
 LINEAR LINEAR LINEAR LINEAR LINEAR LINEAR LINEAR LINEAR LINEAR LINEAR LINEAR
LINEAR LINEAR LINEAR LINEAR LINEAR LINEAR LINEAR LINEAR LINEAR LINEAR LINEAR LINEAR
LINEAR LINEAR LINEAR LINEAR LINEAR LINEAR LINEAR LINEAR LINEAR LINEAR LINEAR LINEAR
LINEAR LINEAR LINEAR LINEAR LINEAR LINEAR LINEAR LINEAR</Name_array><technique_common><accessor source="#Spine2-Interpolations-array" count="43"><param type="name"/></accessor></technique_common></source><sampler id="Spine2-Matrix-animation-transform"><input semantic="INPUT" source="#Spine2-Matrix-animation-input"/><input semantic="OUTPUT" source="#Spine2-Matrix-animation-output-transform"/><input semantic="INTERPOLATION" source="#Spine2-Interpolations"/></sampler><channel source="#Spine2-Matrix-animation-transform" target="Spine2/matrix"/></animation>
    <animation id="Neck-anim" name="Neck"><source id="Neck-Matrix-animation-input"><float_array id="Neck-Matrix-animation-input-array" count="43">

0.000000 0.033333 0.066667 0.100000 0.133333 0.166667 0.200000 0.233333 0.266667 0.300000 0.333333 0.366667 0.400000 0.433333 0.466667 0.500000
0.533333 0.566667 0.600000 0.633333 0.666667 0.700000 0.733333 0.766667 0.800000 0.833333 0.866667 0.900000 0.933333 0.966667 1.000000 1.033333
1.066667 1.100000 1.133333 1.166667 1.200000 1.233333 1.266667 1.300000 1.333333 1.366667 1.400000</float_array><technique_common><accessor source="#Neck-Matrix-animation-input-array" count="43"><param name="TIME" type="float"/></accessor></technique_common></source><source id="Neck-Matrix-animation-output-transform"><float_array id="Neck-Matrix-animation-output-transform-array" count="688">

0.999254 0.015940 -0.035172 0.000000 -0.013258 0.997079 0.075215 29.734600 0.036269 -0.074693 0.996547 7.525900 0.000000 0.000000 0.000000 1.000000
0.999021 0.018976 -0.039966 0.000000 -0.015706 0.996623 0.080603 29.734600 0.041361 -0.079896 0.995945 7.525900 0.000000 0.000000 0.000000 1.000000
0.998826 0.020895 -0.043694 -0.000000 -0.017014 0.996029 0.087391 29.734600 0.045346 -0.086545 0.995215 7.525900 0.000000 0.000000 0.000000 1.000000
0.998640 0.023954 -0.046304 0.000000 -0.019452 0.995255 0.095340 29.734600 0.048368 -0.094310 0.994367 7.525900 0.000000 0.000000 0.000000 1.000000
0.998468 0.027729 -0.047892 -0.000000 -0.022595 0.994258 0.104598 29.734600 0.050517 -0.103355 0.993361 7.525900 0.000000 0.000000 0.000000 1.000000
0.998315 0.031688 -0.048617 0.000000 -0.025909 0.993004 0.115201 29.734600 0.051927 -0.113747 0.992152 7.525900 0.000000 0.000000 0.000000 1.000000
0.998192 0.035263 -0.048678 0.000000 -0.028831 0.991480 0.127027 29.734600 0.052743 -0.125394 0.990704 7.525900 0.000000 0.000000 0.000000 1.000000
0.998114 0.037927 -0.048269 -0.000000 -0.030849 0.989705 0.139758 29.734600 0.053073 -0.138005 0.989009 7.525900 0.000000 0.000000 0.000000 1.000000
0.998097 0.039272 -0.047538 0.000000 -0.031585 0.987744 0.152853 29.734600 0.052958 -0.151060 0.987105 7.525900 0.000000 0.000000 0.000000 1.000000
0.998152 0.039068 -0.046546 -0.000000 -0.030861 0.985716 0.165562 29.734600 0.052349 -0.163819 0.985100 7.525900 0.000000 0.000000 0.000000 1.000000
0.998279 0.037291 -0.045250 -0.000000 -0.028728 0.983796 0.176974 29.734600 0.051117 -0.175369 0.983175 7.525900 0.000000 0.000000 0.000000 1.000000
0.998471 0.034127 -0.043496 0.000000 -0.025464 0.982201 0.186099 29.734600 0.049073 -0.184706 0.981568 7.525900 0.000000 0.000000 0.000000 1.000000
0.998709 0.029936 -0.041041 0.000000 -0.021521 0.981163 0.191978 29.734600 0.046015 -0.190847 0.980541 7.525900 0.000000 0.000000 0.000000 1.000000
0.998975 0.025195 -0.037596 0.000000 -0.017445 0.980884 0.193808 29.734600 0.041760 -0.192953 0.980319 7.525900 0.000000 0.000000 0.000000 1.000000
0.999251 0.020425 -0.032882 0.000000 -0.013775 0.981485 0.191044 29.734600 0.036175 -0.190448 0.981030 7.525900 0.000000 0.000000 0.000000 1.000000
0.999514 0.016109 -0.026702 -0.000000 -0.010939 0.982958 0.183503 29.734600 0.029203 -0.183121 0.982656 7.525900 0.000000 0.000000 0.000000 1.000000
0.999740 0.012620 -0.018997 -0.000000 -0.009179 0.985157 0.171409 29.734600 0.020878 -0.171190 0.985017 7.525900 0.000000 0.000000 0.000000 1.000000
0.999899 0.010169 -0.009887 0.000000 -0.008510 0.987810 0.155431 29.734600 0.011347 -0.155331 0.987797 7.525900 0.000000 0.000000 0.000000 1.000000
0.999961 0.008772 0.000308 -0.000000 -0.008732 0.990580 0.136657 29.734600 0.000894 -0.136655 0.990618 7.525900 0.000000 0.000000 0.000000 1.000000
0.999905 0.008244 0.011092 0.000000 -0.009481 0.993142 0.116531 29.734600 -0.010055 -0.116625 0.993125 7.525900 0.000000 0.000000 0.000000 1.000000
0.999728 0.008230 0.021840 0.000000 -0.010306 0.995258 0.096724 29.734600 -0.020940 -0.096922 0.995072 7.525900 0.000000 0.000000 0.000000 1.000000
0.999458 0.008264 0.031879 0.000000 -0.010761 0.996819 0.078973 29.734600 -0.031125 -0.079274 0.996367 7.525900 0.000000 0.000000 0.000000 1.000000
0.999146 0.007847 0.040570 0.000000 -0.010472 0.997838 0.064889 29.734600 -0.039973 -0.065259 0.997067 7.525900 0.000000 0.000000 0.000000 1.000000
0.998855 0.006542 0.047398 0.000000 -0.009186 0.998401 0.055771 29.734600 -0.046958 -0.056143 0.997318 7.525900 0.000000 0.000000 0.000000 1.000000
0.998637 0.004054 0.052033 0.000000 -0.006787 0.998600 0.052459 29.734600 -0.051748 -0.052741 0.997267 7.525900 0.000000 0.000000 0.000000 1.000000
0.998521 0.000295 0.054365 0.000000 -0.003303 0.998468 0.055240 29.734600 -0.054266 -0.055338 0.996992 7.525900 0.000000 0.000000 0.000000 1.000000
0.998503 -0.004585 0.054505 0.000000 0.001100 0.997962 0.063803 29.734600 -0.054687 -0.063647 0.996473 7.525900 0.000000 0.000000 0.000000 1.000000
0.998555 -0.010208 0.052752 0.000000 0.006111 0.996992 0.077260 29.734600 -0.053382 -0.076826 0.995614 7.525900 0.000000 0.000000 0.000000 1.000000
0.998644 -0.016013 0.049533 0.000000 0.011288 0.995486 0.094233 29.734600 -0.050818 -0.093546 0.994317 7.525900 0.000000 0.000000 0.000000 1.000000
0.998744 -0.021337 0.045328 0.000000 0.016095 0.993464 0.113002 29.734600 -0.047443 -0.112130 0.992560 7.525900 0.000000 0.000000 0.000000 1.000000
0.998850 -0.025522 0.040591 -0.000000 0.019972 0.991088 0.131702 29.734600 -0.043590 -0.130739 0.990458 7.525900 0.000000 0.000000 0.000000 1.000000
0.998970 -0.028018 0.035679 0.000000 0.022424 0.988652 0.148539 29.734600 -0.039436 -0.147586 0.988263 7.525900 0.000000 0.000000 0.000000 1.000000
0.999120 -0.028474 0.030809 0.000000 0.023119 0.986522 0.161989 29.734600 -0.035006 -0.161134 0.986312 7.525900 0.000000 0.000000 0.000000 1.000000
0.999302 -0.026788 0.026043 -0.000000 0.021951 0.985037 0.170939 29.734600 -0.030233 -0.170248 0.984937 7.525900 0.000000 0.000000 0.000000 1.000000
0.999506 -0.023125 0.021301 0.000000 0.019052 0.984425 0.174771 29.734600 -0.025011 -0.174279 0.984379 7.525900 0.000000 0.000000 0.000000 1.000000
0.999706 -0.017880 0.016404 0.000000 0.014768 0.984744 0.173379 29.734600 -0.019254 -0.173086 0.984719 7.525900 0.000000 0.000000 0.000000 1.000000
